param n := 16;
param numVehicles := 2;
set Origin := 33 35 36;
set O := 35 36;
param Ok := 1 35 2 36;
set S := 39 40 41;
set F := 34 37 38;
param t:
 1 2 3 4 5 6 7 8 9 10 11 12 13 14 15 16 17 18 19 20 21 22 23 24 25 26 27 28 29 30 31 32 33 34 35 36 37 38 39 40 41:=
1 0.0 14.02125975082125 7.533176753534992 7.389331837182574 15.706560221767207 7.745243701782404 12.241403922753305 5.102922006066721 9.943700116153947 5.391192168713706 13.555694781161163 10.165661414782612 4.930040567784407 9.922001511791862 4.862972342096961 15.794218087642074 14.27109841602951 4.166311558201092 13.916674351295283 10.09240689825772 7.68470923327617 10.870912243229636 13.854808731989051 6.656807417974474 6.457503232674375 11.598898654613722 11.45799650898882 1.998592504739273 5.389113656251833 8.152108193590172 12.178072097011086 7.632291005982411 5.301141386531772 5.301141386531772 5.301141386531772 5.301141386531772 5.301141386531772 5.301141386531772 5.301141386531772 3.0341555662160764 10.535563582457277
2 14.02125975082125 0.0 14.075252502175584 15.336546221362877 14.873057015960102 13.18249312535379 4.716721848911594 12.487040722284844 16.292188465642056 10.817444892394876 1.0863608976762744 11.984124039745248 18.913728479599154 16.53841990638767 15.31265244822072 2.1870002286236745 1.1780004244481408 18.076730926802007 6.833227641459049 6.368196290944556 8.668009748494748 16.46221431035327 15.438167572610423 7.46112726067583 9.141056667584989 4.969965895255219 4.546462031074273 15.53242521308247 14.496440563117554 14.578659780651991 15.385909560373738 18.651016942783578 9.036997565563466 9.036997565563466 9.036997565563466 9.036997565563466 9.036997565563466 9.036997565563466 9.036997565563466 14.668446577603234 3.488742610167738
3 7.533176753534992 14.075252502175584 0.0 1.4027262740820106 8.660240758778015 14.464861146931208 10.126114062166197 11.792761042266566 17.180491378304637 4.004135986701749 13.161196792085436 16.17888451037339 9.487654504670793 17.205460819170174 12.358361218219832 14.982519047209653 14.874773342810977 10.281517786786152 10.304281100591153 13.521283555935065 12.307878614936044 3.511022215822623 6.464612981455271 7.941545252657067 11.202361358213723 9.574804958849032 13.917579243532261 9.298134221444643 12.711113641219638 15.222664287173911 4.677744755755705 5.3013268150530015 6.6143918843685094 6.6143918843685094 6.6143918843685094 6.6143918843685094 6.6143918843685094 6.6143918843685094 6.6143918843685094 4.838820104116292 11.317516512026833
4 7.389331837182574 15.336546221362877 1.4027262740820106 0.0 9.613028294975521 14.721665157175664 11.488051401347402 12.018693772619384 17.26041566706897 4.899899182636312 14.44746766738033 16.638699017651593 8.606795280474609 17.260704649579054 12.251209124000782 16.31288693027693 16.098011212569084 9.61830198111912 11.70700004270949 14.395074504843661 12.967706389335008 3.532719349169985 7.223565047813995 8.902339580132853 11.808272905044156 10.925488959309785 14.92849828348451 8.972986180753873 12.728040422625943 15.367297257488058 5.320712076404812 3.918186953171071 7.456629600563514 7.456629600563514 7.456629600563514 7.456629600563514 7.456629600563514 7.456629600563514 7.456629600563514 4.444471284641177 12.467931865389703
5 15.706560221767207 14.873057015960102 8.660240758778015 9.613028294975521 0.0 21.310899793298265 10.210938644414625 18.90832485970135 24.42921550111669 10.615762101705181 13.788498286615551 22.189150547057903 18.14244002332652 24.522224532044394 20.238183564737227 14.49416672320282 16.017114097114998 18.89882118016888 8.20133287947758 17.766391783364455 17.82279983616491 6.950174458242038 2.680816480104522 12.808055785325108 17.087818877785427 10.131101618284163 17.19096442902492 17.63427940121172 20.30793677358682 22.367414557789196 4.533369828284474 13.077137454351393 12.442670211815468 12.442670211815468 12.442670211815468 12.442670211815468 12.442670211815468 12.442670211815468 12.442670211815468 13.39328346597652 13.937720114853791
6 7.745243701782404 13.18249312535379 14.464861146931208 14.721665157175664 21.310899793298265 0.0 14.113592384648213 2.7072977302099597 3.312065820602 10.948118057456268 13.330559065545602 2.944402146446711 11.100112612041375 3.4985508428490792 4.16832100491313 15.360925916102843 12.768398881613935 9.251506688102216 16.607932592589602 6.928704713003722 4.5738460839866475 17.972538078969258 20.082034085221547 8.77954697008906 4.589541589309328 13.626752584530182 8.86010677136568 7.269986795036151 3.0000856654435726 1.3966373903057305 18.733080045737275 15.370974529937913 8.86889508337989 8.86889508337989 8.86889508337989 8.86889508337989 8.86889508337989 8.86889508337989 8.86889508337989 10.693610241634955 10.342209628507826
7 12.241403922753305 4.716721848911594 10.126114062166197 11.488051401347402 10.210938644414625 14.113592384648213 0.0 12.538849428875043 17.422073183177712 7.691705727600348 3.633868049338061 13.882528948286042 16.771973348416697 17.611651257051395 14.972046286329734 4.953647645927192 5.828538410270624 16.399682253019417 2.6669992500936335 8.515686995187176 9.687438980452987 12.05620591230923 10.728996085375371 5.899264784699869 9.537498309305224 0.647876531447157 7.406096542713983 14.087087207794236 14.466070233480828 15.448228701051782 10.770099442437846 15.148316870200464 6.956488338235031 6.956488338235031 6.956488338235031 6.956488338235031 6.956488338235031 6.956488338235031 6.956488338235031 11.937534502567939 4.275597034333334
8 5.102922006066721 12.487040722284844 11.792761042266566 12.018693772619384 18.90832485970135 2.7072977302099597 12.538849428875043 0.0 5.528228016281528 8.397749460420929 12.416694326591116 5.109137402732482 8.940302064248165 5.613984770196656 2.9043128275032633 14.590746656699924 12.310692628767889 7.263319970922389 14.86658649455214 6.827216856084183 4.070746000427931 15.29469326269736 17.546434965542147 6.808709863109163 3.3465625647819586 11.987631000326962 8.654082562582818 4.951380918491325 2.0129443608803497 3.4842682158525053 16.133385416582595 12.733297805360559 6.55128514110018 6.55128514110018 6.55128514110018 6.55128514110018 6.55128514110018 6.55128514110018 6.55128514110018 8.003957583595755 9.26149755709086
9 9.943700116153947 16.292188465642056 17.180491378304637 17.26041566706897 24.42921550111669 3.312065820602 17.422073183177712 5.528228016281528 0.0 13.920018570389912 16.514759610723978 4.71126182672965 12.148379315777063 0.30371368095625867 5.290462361646664 18.47888354311483 15.783722057867086 10.170168336856573 19.919861269597238 9.942261965971324 7.820167261638334 20.649931840081216 23.064864729713893 12.054764576714057 7.901486442436005 16.938237747770575 11.845674315968678 8.876176203748999 4.5547480720672135 2.0684390249654445 21.617139958838216 17.32463638868072 12.025663224953542 12.025663224953542 12.025663224953542 12.025663224953542 12.025663224953542 12.025663224953542 12.025663224953542 12.977849436636255 13.594431801292762
10 5.391192168713706 10.817444892394876 4.004135986701749 4.899899182636312 10.615762101705181 10.948118057456268 7.691705727600348 8.397749460420929 13.920018570389912 0.0 10.040917189181474 12.367482888607528 9.267581615502504 13.990600022872501 9.63897779850125 12.10014495780939 11.455002095154764 9.25844074345135 8.849619765843052 9.530356656495076 8.349375126319334 7.381185948070947 9.149265762890485 4.002574421544214 7.291109449185357 7.054475529761231 10.03172592328957 7.389710752120139 9.696493850872075 11.88182481776263 7.80196186865842 7.840703093473188 2.610291363047428 2.610291363047428 2.610291363047428 2.610291363047428 2.610291363047428 2.610291363047428 2.610291363047428 4.271489318727134 7.705947118946508
11 13.555694781161163 1.0863608976762744 13.161196792085436 14.44746766738033 13.788498286615551 13.330559065545602 3.633868049338061 12.416694326591116 16.514759610723978 10.040917189181474 0.0 12.3593001824537 18.402470622174622 16.7490305689613 15.18092292978263 2.2490589143017132 2.238061884756541 17.66343525478552 5.776885319962653 6.702866252581802 8.765170677174519 15.458765798083624 14.35988837003965 6.917082622030765 9.094378758331985 3.90953667331565 5.025990549135563 15.153229391783126 14.429175201653075 14.725360199329593 14.333962083108773 17.845041804378045 8.434532174341385 8.434532174341385 8.434532174341385 8.434532174341385 8.434532174341385 8.434532174341385 8.434532174341385 14.006189096253127 3.179517730725841
12 10.165661414782612 11.984124039745248 16.17888451037339 16.638699017651593 22.189150547057903 2.944402146446711 13.882528948286042 5.109137402732482 4.71126182672965 12.367482888607528 12.3593001824537 0.0 13.929729502039873 5.004075339161073 7.100595186320652 14.158084510271863 11.344565306788974 12.129657208676592 16.511801870177585 5.656494055508235 4.389471494382894 19.67309342731844 21.279564586710887 9.381243254494578 5.146965319486815 13.497424420977508 7.444142126531438 10.005974415318082 5.922903510947989 3.812854573675739 20.125380592674514 17.76066918784312 9.95702706634867 9.95702706634867 9.95702706634867 9.95702706634867 9.95702706634867 9.95702706634867 9.95702706634867 12.94381659326182 9.733570156936251
13 4.930040567784407 18.913728479599154 9.487654504670793 8.606795280474609 18.14244002332652 11.100112612041375 16.771973348416697 8.940302064248165 12.148379315777063 9.267581615502504 18.402470622174622 13.929729502039873 0.0 12.008246249973391 7.058640095655819 20.625376238992587 19.194056632197373 1.9832791029000427 18.117103107285114 14.892061945882444 12.332896172432491 11.938772340571706 15.827420288853139 11.485610345123154 11.161743233025925 16.124133030957047 16.347318801564985 4.011045748928825 8.142613462519266 10.93428260106716 13.926874308329202 6.363255298980233 10.007137452838348 10.007137452838348 10.007137452838348 10.007137452838348 10.007137452838348 10.007137452838348 10.007137452838348 5.098901842553944 15.436541063334104
14 9.922001511791862 16.53841990638767 17.205460819170174 17.260704649579054 24.522224532044394 3.4985508428490792 17.611651257051395 5.613984770196656 0.30371368095625867 13.990600022872501 16.7490305689613 5.004075339161073 12.008246249973391 0.0 5.214160910443789 18.724628941583862 16.04113163090435 10.027173579827968 20.097145493825735 10.195543389148025 8.036120083721995 20.665790306688006 23.129513202832438 12.202805620020342 8.081475731572793 17.121885059770726 12.103666304058452 8.800970514664845 4.536648983556034 2.1997840803133384 21.664739693797387 17.256480405922872 12.136786477482413 12.136786477482413 12.136786477482413 12.136786477482413 12.136786477482413 12.136786477482413 12.136786477482413 12.954905866118827 13.81208116107055
15 4.862972342096961 15.31265244822072 12.358361218219832 12.251209124000782 20.238183564737227 4.16832100491313 14.972046286329734 2.9043128275032633 5.290462361646664 9.63897779850125 15.18092292978263 7.100595186320652 7.058640095655819 5.214160910443789 0.0 17.38426371751188 15.183104096330238 5.142276927587623 17.134819082791626 9.728029451024499 6.974133351177048 15.731262282474347 18.56435684315511 9.090153189028223 6.205046978065516 14.383938612216058 11.557815710591685 3.5871871989066864 1.1825675456395714 3.8767625668849006 16.958781206207007 12.042563929662155 8.420356286998787 8.420356286998787 8.420356286998787 8.420356286998787 8.420356286998787 8.420356286998787 8.420356286998787 7.854069009118776 12.004932319675941
16 15.794218087642074 2.1870002286236745 14.982519047209653 16.31288693027693 14.49416672320282 15.360925916102843 4.953647645927192 14.590746656699924 18.47888354311483 12.10014495780939 2.2490589143017132 14.158084510271863 20.625376238992587 18.724628941583862 17.38426371751188 0.0 2.9372138158465764 19.90895720523805 6.29443325486894 8.553803949121116 10.83145885834406 17.00882294575377 15.431578661951603 9.145681494563432 11.252048391293028 5.434212454440845 6.714370335333017 17.401867629654006 16.603349089867383 16.757442913523533 15.652274115923218 19.83505384414169 10.635618693804325 10.635618693804325 10.635618693804325 10.635618693804325 10.635618693804325 10.635618693804325 10.635618693804325 16.154887340987557 5.4085474020294955
17 14.27109841602951 1.1780004244481408 14.874773342810977 16.098011212569084 16.017114097114998 12.768398881613935 5.828538410270624 12.310692628767889 15.783722057867086 11.455002095154764 2.238061884756541 11.344565306788974 19.194056632197373 16.04113163090435 15.183104096330238 2.9372138158465764 0.0 18.24697569461855 8.007243283427824 5.852283058772875 8.35783620322868 17.389927918194488 16.519392391973746 7.872193150577544 8.978116617643146 6.030663313434104 3.9381409319626948 15.675471348575137 14.3020899172114 14.157099208524324 16.40245377984648 19.29317070882855 9.48800980184991 9.48800980184991 9.48800980184991 9.48800980184991 9.48800980184991 9.48800980184991 9.48800980184991 15.144844997556099 3.8312308727091873
18 4.166311558201092 18.076730926802007 10.281517786786152 9.61830198111912 18.89882118016888 9.251506688102216 16.399682253019417 7.263319970922389 10.170168336856573 9.25844074345135 17.66343525478552 12.129657208676592 1.9832791029000427 10.027173579827968 5.142276927587623 19.90895720523805 18.24697569461855 0.0 17.997572197382627 13.572180701714814 10.913827009807331 13.092157690770456 16.736197686451963 10.798349549815473 9.807434934782897 15.755674342915318 15.149735971296662 2.5893141949172573 6.263346230251048 9.004495099671054 14.890620134836562 7.988594995366833 9.467257469827258 9.467257469827258 9.467257469827258 9.467257469827258 9.467257469827258 9.467257469827258 9.467257469827258 5.514795009789576 14.58920710662509
19 13.916674351295283 6.833227641459049 10.304281100591153 11.70700004270949 8.20133287947758 16.607932592589602 2.6669992500936335 14.86658649455214 19.919861269597238 8.849619765843052 5.776885319962653 16.511801870177585 18.117103107285114 20.097145493825735 17.134819082791626 6.29443325486894 8.007243283427824 17.997572197382627 0.0 11.182309063874062 12.263614679204498 11.471343949163064 9.25759936484616 8.077931665964996 12.018395941222773 3.017070930554998 10.04130394918907 15.854248295015442 16.731509704745715 17.91481814029939 9.745610345175924 15.571241601105546 8.816077642580062 8.816077642580062 8.816077642580062 8.816077642580062 8.816077642580062 8.816077642580062 8.816077642580062 13.086299133062793 6.942278084317857
20 10.09240689825772 6.368196290944556 13.521283555935065 14.395074504843661 17.766391783364455 6.928704713003722 8.515686995187176 6.827216856084183 9.942261965971324 9.530356656495076 6.702866252581802 5.656494055508235 14.892061945882444 10.195543389148025 9.728029451024499 8.553803949121116 5.852283058772875 13.572180701714814 11.182309063874062 0.0 2.7597653885792535 16.75594700397444 17.363948686862678 5.613647655491036 3.765235318011346 8.23012156653837 1.9317549016373685 11.004150535139003 8.727725992490829 8.311730565893 16.590207623776138 16.681155985122857 6.9392804382010675 6.9392804382010675 6.9392804382010675 6.9392804382010675 6.9392804382010675 6.9392804382010675 6.9392804382010675 11.927850309255225 4.246600169547399
21 7.68470923327617 8.668009748494748 12.307878614936044 12.967706389335008 17.82279983616491 4.5738460839866475 9.687438980452987 4.070746000427931 7.820167261638334 8.349375126319334 8.765170677174519 4.389471494382894 12.332896172432491 8.036120083721995 6.974133351177048 10.83145885834406 8.35783620322868 10.913827009807331 12.263614679204498 2.7597653885792535 0.0 15.730470590544963 17.008997530718855 5.023386208525082 1.2472080820777265 9.24965610171535 4.595428162859256 8.377012355249335 5.998712695237204 5.964787339042357 15.958101766814247 14.755068620646941 5.798130043384678 5.798130043384678 5.798130043384678 5.798130043384678 5.798130043384678 5.798130043384678 5.798130043384678 9.893144697213318 5.776011772841188
22 10.870912243229636 16.46221431035327 3.511022215822623 3.532719349169985 6.950174458242038 17.972538078969258 12.05620591230923 15.29469326269736 20.649931840081216 7.381185948070947 15.458765798083624 19.67309342731844 11.938772340571706 20.665790306688006 15.731262282474347 17.00882294575377 17.389927918194488 13.092157690770456 11.471343949163064 16.75594700397444 15.730470590544963 0.0 4.299491365266362 11.142481590740907 14.65697311862173 11.615191302772418 16.955727911239904 12.501570181381217 16.15051927957736 18.710424287011776 2.4297038914238094 6.235360855636183 9.963565074811324 9.963565074811324 9.963565074811324 9.963565074811324 9.963565074811324 9.963565074811324 9.963565074811324 7.970986701782911 14.10704182314634
23 13.854808731989051 15.438167572610423 6.464612981455271 7.223565047813995 2.680816480104522 20.082034085221547 10.728996085375371 17.546434965542147 23.064864729713893 9.149265762890485 14.35988837003965 21.279564586710887 15.827420288853139 23.129513202832438 18.56435684315511 15.431578661951603 16.519392391973746 16.736197686451963 9.25759936484616 17.363948686862678 17.008997530718855 4.299491365266362 0.0 12.01915479557527 16.13260106120523 10.489381535629258 17.078130606128997 15.704498113597902 18.76358507855042 21.030679613364853 1.9368853863871247 10.491962495167432 11.33559919016194 11.33559919016194 11.33559919016194 11.33559919016194 11.33559919016194 11.33559919016194 11.33559919016194 11.299195059826165 13.903949402957421
24 6.656807417974474 7.46112726067583 7.941545252657067 8.902339580132853 12.808055785325108 8.77954697008906 5.899264784699869 6.808709863109163 12.054764576714057 4.002574421544214 6.917082622030765 9.381243254494578 11.485610345123154 12.202805620020342 9.090153189028223 9.145681494563432 7.872193150577544 10.798349549815473 8.077931665964996 5.613647655491036 5.023386208525082 11.142481590740907 12.01915479557527 0.0 4.317011582101674 5.298851668050353 6.032679421285371 8.350489865870145 8.653579201694523 10.003144755525636 11.074065062116983 11.621806615152396 1.6284240848132896 1.6284240848132896 1.6284240848132896 1.6284240848132896 1.6284240848132896 1.6284240848132896 1.6284240848132896 7.277620833761539 4.042247518398645
25 6.457503232674375 9.141056667584989 11.202361358213723 11.808272905044156 17.087818877785427 4.589541589309328 9.537498309305224 3.3465625647819586 7.901486442436005 7.291109449185357 9.094378758331985 5.146965319486815 11.161743233025925 8.081475731572793 6.205046978065516 11.252048391293028 8.978116617643146 9.807434934782897 12.018395941222773 3.765235318011346 1.2472080820777265 14.65697311862173 16.13260106120523 4.317011582101674 0.0 9.040773528852494 5.437277259805683 7.243681384489519 5.35549904303978 5.910801637679952 14.997561535129636 13.515581304553645 4.817210811247521 4.817210811247521 4.817210811247521 4.817210811247521 4.817210811247521 4.817210811247521 4.817210811247521 8.649943352415669 5.965695265432186
26 11.598898654613722 4.969965895255219 9.574804958849032 10.925488959309785 10.131101618284163 13.626752584530182 0.647876531447157 11.987631000326962 16.938237747770575 7.054475529761231 3.90953667331565 13.497424420977508 16.124133030957047 17.121885059770726 14.383938612216058 5.434212454440845 6.030663313434104 15.755674342915318 3.017070930554998 8.23012156653837 9.24965610171535 11.615191302772418 10.489381535629258 5.298851668050353 9.040773528852494 0.0 7.246551317695888 13.450644965948658 13.899813092268543 14.948919760303752 10.42498009590426 14.553456221805183 6.318941208778572 6.318941208778572 6.318941208778572 6.318941208778572 6.318941208778572 6.318941208778572 6.318941208778572 11.294999690128373 4.034974349360848
27 11.45799650898882 4.546462031074273 13.917579243532261 14.92849828348451 17.19096442902492 8.86010677136568 7.406096542713983 8.654082562582818 11.845674315968678 10.03172592328957 5.025990549135563 7.444142126531438 16.347318801564985 12.103666304058452 11.557815710591685 6.714370335333017 3.9381409319626948 15.149735971296662 10.04130394918907 1.9317549016373685 4.595428162859256 16.955727911239904 17.078130606128997 6.032679421285371 5.437277259805683 7.246551317695888 0.0 12.56263953156342 10.59397423066528 10.2417361809412 16.511347007437035 17.56025199135821 7.571914421069483 7.571914421069483 7.571914421069483 7.571914421069483 7.571914421069483 7.571914421069483 7.571914421069483 12.963560004875204 3.2578962537195686
28 1.998592504739273 15.53242521308247 9.298134221444643 8.972986180753873 17.63427940121172 7.269986795036151 14.087087207794236 4.951380918491325 8.876176203748999 7.389710752120139 15.153229391783126 10.005974415318082 4.011045748928825 8.800970514664845 3.5871871989066864 17.401867629654006 15.675471348575137 2.5893141949172573 15.854248295015442 11.004150535139003 8.377012355249335 12.501570181381217 15.704498113597902 8.350489865870145 7.243681384489519 13.450644965948658 12.56263953156342 0.0 4.46027913924678 7.335336938409851 13.973533411417458 8.457743552508553 7.131846885625069 7.131846885625069 7.131846885625069 7.131846885625069 7.131846885625069 7.131846885625069 7.131846885625069 4.530699725208017 12.049864729531198
29 5.389113656251833 14.496440563117554 12.711113641219638 12.728040422625943 20.30793677358682 3.0000856654435726 14.466070233480828 2.0129443608803497 4.5547480720672135 9.696493850872075 14.429175201653075 5.922903510947989 8.142613462519266 4.536648983556034 1.1825675456395714 16.603349089867383 14.3020899172114 6.263346230251048 16.731509704745715 8.727725992490829 5.998712695237204 16.15051927957736 18.76358507855042 8.653579201694523 5.35549904303978 13.899813092268543 10.59397423066528 4.46027913924678 0.0 2.8752895506365967 17.231630509037732 12.831879207660897 8.185262976838313 8.185262976838313 8.185262976838313 8.185262976838313 8.185262976838313 8.185262976838313 8.185262976838313 8.423213757230668 11.271491915447573
30 8.152108193590172 14.578659780651991 15.222664287173911 15.367297257488058 22.367414557789196 1.3966373903057305 15.448228701051782 3.4842682158525053 2.0684390249654445 11.88182481776263 14.725360199329593 3.812854573675739 10.93428260106716 2.1997840803133384 3.8767625668849006 16.757442913523533 14.157099208524324 9.004495099671054 17.91481814029939 8.311730565893 5.964787339042357 18.710424287011776 21.030679613364853 10.003144755525636 5.910801637679952 14.948919760303752 10.2417361809412 7.335336938409851 2.8752895506365967 0.0 19.60965527488946 15.683160969651494 9.957682059595998 9.957682059595998 9.957682059595998 9.957682059595998 9.957682059595998 9.957682059595998 9.957682059595998 11.172261722677284 11.725674053119507
31 12.178072097011086 15.385909560373738 4.677744755755705 5.320712076404812 4.533369828284474 18.733080045737275 10.770099442437846 16.133385416582595 21.617139958838216 7.80196186865842 14.333962083108773 20.125380592674514 13.926874308329202 21.664739693797387 16.958781206207007 15.652274115923218 16.40245377984648 14.890620134836562 9.745610345175924 16.590207623776138 15.958101766814247 2.4297038914238094 1.9368853863871247 11.074065062116983 14.997561535129636 10.42498009590426 16.511347007437035 13.973533411417458 17.231630509037732 19.60965527488946 0.0 8.564277085662281 10.182424269298544 10.182424269298544 10.182424269298544 10.182424269298544 10.182424269298544 10.182424269298544 10.182424269298544 9.5088255846871 13.45160823098859
32 7.632291005982411 18.651016942783578 5.3013268150530015 3.918186953171071 13.077137454351393 15.370974529937913 15.148316870200464 12.733297805360559 17.32463638868072 7.840703093473188 17.845041804378045 17.76066918784312 6.363255298980233 17.256480405922872 12.042563929662155 19.83505384414169 19.29317070882855 7.988594995366833 15.571241601105546 16.681155985122857 14.755068620646941 6.235360855636183 10.491962495167432 11.621806615152396 13.515581304553645 14.553456221805183 17.56025199135821 8.457743552508553 12.831879207660897 15.683160969651494 8.564277085662281 0.0 10.016374693470688 10.016374693470688 10.016374693470688 10.016374693470688 10.016374693470688 10.016374693470688 10.016374693470688 4.87685985035453 15.520043878803952
33 5.301141386531772 9.036997565563466 6.6143918843685094 7.456629600563514 12.442670211815468 8.86889508337989 6.956488338235031 6.55128514110018 12.025663224953542 2.610291363047428 8.434532174341385 9.95702706634867 10.007137452838348 12.136786477482413 8.420356286998787 10.635618693804325 9.48800980184991 9.467257469827258 8.816077642580062 6.9392804382010675 5.798130043384678 9.963565074811324 11.33559919016194 1.6284240848132896 4.817210811247521 6.318941208778572 7.571914421069483 7.131846885625069 8.185262976838313 9.957682059595998 10.182424269298544 10.016374693470688 0.0 0.0 0.0 0.0 0.0 0.0 0.0 5.656854249492381 5.656854249492381
34 5.301141386531772 9.036997565563466 6.6143918843685094 7.456629600563514 12.442670211815468 8.86889508337989 6.956488338235031 6.55128514110018 12.025663224953542 2.610291363047428 8.434532174341385 9.95702706634867 10.007137452838348 12.136786477482413 8.420356286998787 10.635618693804325 9.48800980184991 9.467257469827258 8.816077642580062 6.9392804382010675 5.798130043384678 9.963565074811324 11.33559919016194 1.6284240848132896 4.817210811247521 6.318941208778572 7.571914421069483 7.131846885625069 8.185262976838313 9.957682059595998 10.182424269298544 10.016374693470688 0.0 0.0 0.0 0.0 0.0 0.0 0.0 5.656854249492381 5.656854249492381
35 5.301141386531772 9.036997565563466 6.6143918843685094 7.456629600563514 12.442670211815468 8.86889508337989 6.956488338235031 6.55128514110018 12.025663224953542 2.610291363047428 8.434532174341385 9.95702706634867 10.007137452838348 12.136786477482413 8.420356286998787 10.635618693804325 9.48800980184991 9.467257469827258 8.816077642580062 6.9392804382010675 5.798130043384678 9.963565074811324 11.33559919016194 1.6284240848132896 4.817210811247521 6.318941208778572 7.571914421069483 7.131846885625069 8.185262976838313 9.957682059595998 10.182424269298544 10.016374693470688 0.0 0.0 0.0 0.0 0.0 0.0 0.0 5.656854249492381 5.656854249492381
36 5.301141386531772 9.036997565563466 6.6143918843685094 7.456629600563514 12.442670211815468 8.86889508337989 6.956488338235031 6.55128514110018 12.025663224953542 2.610291363047428 8.434532174341385 9.95702706634867 10.007137452838348 12.136786477482413 8.420356286998787 10.635618693804325 9.48800980184991 9.467257469827258 8.816077642580062 6.9392804382010675 5.798130043384678 9.963565074811324 11.33559919016194 1.6284240848132896 4.817210811247521 6.318941208778572 7.571914421069483 7.131846885625069 8.185262976838313 9.957682059595998 10.182424269298544 10.016374693470688 0.0 0.0 0.0 0.0 0.0 0.0 0.0 5.656854249492381 5.656854249492381
37 5.301141386531772 9.036997565563466 6.6143918843685094 7.456629600563514 12.442670211815468 8.86889508337989 6.956488338235031 6.55128514110018 12.025663224953542 2.610291363047428 8.434532174341385 9.95702706634867 10.007137452838348 12.136786477482413 8.420356286998787 10.635618693804325 9.48800980184991 9.467257469827258 8.816077642580062 6.9392804382010675 5.798130043384678 9.963565074811324 11.33559919016194 1.6284240848132896 4.817210811247521 6.318941208778572 7.571914421069483 7.131846885625069 8.185262976838313 9.957682059595998 10.182424269298544 10.016374693470688 0.0 0.0 0.0 0.0 0.0 0.0 0.0 5.656854249492381 5.656854249492381
38 5.301141386531772 9.036997565563466 6.6143918843685094 7.456629600563514 12.442670211815468 8.86889508337989 6.956488338235031 6.55128514110018 12.025663224953542 2.610291363047428 8.434532174341385 9.95702706634867 10.007137452838348 12.136786477482413 8.420356286998787 10.635618693804325 9.48800980184991 9.467257469827258 8.816077642580062 6.9392804382010675 5.798130043384678 9.963565074811324 11.33559919016194 1.6284240848132896 4.817210811247521 6.318941208778572 7.571914421069483 7.131846885625069 8.185262976838313 9.957682059595998 10.182424269298544 10.016374693470688 0.0 0.0 0.0 0.0 0.0 0.0 0.0 5.656854249492381 5.656854249492381
39 5.301141386531772 9.036997565563466 6.6143918843685094 7.456629600563514 12.442670211815468 8.86889508337989 6.956488338235031 6.55128514110018 12.025663224953542 2.610291363047428 8.434532174341385 9.95702706634867 10.007137452838348 12.136786477482413 8.420356286998787 10.635618693804325 9.48800980184991 9.467257469827258 8.816077642580062 6.9392804382010675 5.798130043384678 9.963565074811324 11.33559919016194 1.6284240848132896 4.817210811247521 6.318941208778572 7.571914421069483 7.131846885625069 8.185262976838313 9.957682059595998 10.182424269298544 10.016374693470688 0.0 0.0 0.0 0.0 0.0 0.0 0.0 5.656854249492381 5.656854249492381
40 3.0341555662160764 14.668446577603234 4.838820104116292 4.444471284641177 13.39328346597652 10.693610241634955 11.937534502567939 8.003957583595755 12.977849436636255 4.271489318727134 14.006189096253127 12.94381659326182 5.098901842553944 12.954905866118827 7.854069009118776 16.154887340987557 15.144844997556099 5.514795009789576 13.086299133062793 11.927850309255225 9.893144697213318 7.970986701782911 11.299195059826165 7.277620833761539 8.649943352415669 11.294999690128373 12.963560004875204 4.530699725208017 8.423213757230668 11.172261722677284 9.5088255846871 4.87685985035453 5.656854249492381 5.656854249492381 5.656854249492381 5.656854249492381 5.656854249492381 5.656854249492381 5.656854249492381 0.0 11.313708498984761
41 10.535563582457277 3.488742610167738 11.317516512026833 12.467931865389703 13.937720114853791 10.342209628507826 4.275597034333334 9.26149755709086 13.594431801292762 7.705947118946508 3.179517730725841 9.733570156936251 15.436541063334104 13.81208116107055 12.004932319675941 5.4085474020294955 3.8312308727091873 14.58920710662509 6.942278084317857 4.246600169547399 5.776011772841188 14.10704182314634 13.903949402957421 4.042247518398645 5.965695265432186 4.034974349360848 3.2578962537195686 12.049864729531198 11.271491915447573 11.725674053119507 13.45160823098859 15.520043878803952 5.656854249492381 5.656854249492381 5.656854249492381 5.656854249492381 5.656854249492381 5.656854249492381 5.656854249492381 11.313708498984761 0.0
;
param arr := 1 0.0 2 0.0 3 0.0 4 0.0 5 0.0 6 0.0 7 0.0 8 0.0 9 276.0 10 32.0 11 115.0 12 14.0 13 198.0 14 160.0 15 180.0 16 366.0 17 402.0 18 322.0 19 179.0 20 138.0 21 82.0 22 49.0 23 400.0 24 298.0 25 0.0 26 0.0 27 0.0 28 0.0 29 0.0 30 0.0 31 0.0 32 0.0 33 0.0 34 0.0 35 0.0 36 0.0 37 0.0 38 0.0 39 0.0 40 0.0 41 0.0;
param dep := 1 1440.0 2 1440.0 3 1440.0 4 1440.0 5 1440.0 6 1440.0 7 1440.0 8 1440.0 9 291.0 10 47.0 11 130.0 12 29.0 13 213.0 14 175.0 15 195.0 16 381.0 17 417.0 18 337.0 19 194.0 20 153.0 21 97.0 22 64.0 23 415.0 24 313.0 25 1440.0 26 1440.0 27 1440.0 28 1440.0 29 1440.0 30 1440.0 31 1440.0 32 1440.0 33 480.0 34 480.0 35 480.0 36 480.0 37 480.0 38 480.0 39 480.0 40 480.0 41 480.0;
param d := 1 3.0 2 3.0 3 3.0 4 3.0 5 3.0 6 3.0 7 3.0 8 3.0 9 3.0 10 3.0 11 3.0 12 3.0 13 3.0 14 3.0 15 3.0 16 3.0 17 3.0 18 3.0 19 3.0 20 3.0 21 3.0 22 3.0 23 3.0 24 3.0 25 3.0 26 3.0 27 3.0 28 3.0 29 3.0 30 3.0 31 3.0 32 3.0 33 0.0 34 0.0 35 0.0 36 0.0 37 0.0 38 0.0 39 0.0 40 0.0 41 0.0;
param l := 1 1.0 2 1.0 3 1.0 4 1.0 5 1.0 6 1.0 7 1.0 8 1.0 9 1.0 10 1.0 11 1.0 12 1.0 13 1.0 14 1.0 15 1.0 16 1.0 17 -1.0 18 -1.0 19 -1.0 20 -1.0 21 -1.0 22 -1.0 23 -1.0 24 -1.0 25 -1.0 26 -1.0 27 -1.0 28 -1.0 29 -1.0 30 -1.0 31 -1.0 32 -1.0 33 0.0 34 0.0 35 0.0 36 0.0 37 0.0 38 0.0 39 0.0 40 0.0 41 0.0;
param u := 1 30 2 30 3 30 4 30 5 30 6 30 7 30 8 30 9 30 10 30 11 30 12 30 13 30 14 30 15 30 16 30;
param c := 1 3 2 3;
param Q := 14.85;
param Binit := 1 14.85 2 14.85;
param r := 0.0;
param beta:
 1 2 3 4 5 6 7 8 9 10 11 12 13 14 15 16 17 18 19 20 21 22 23 24 25 26 27 28 29 30 31 32 33 34 35 36 37 38 39 40 41:=
1 0.0 0.7711692862951687 0.41432472144442456 0.4064132510450416 0.8638608121971963 0.42598840359803225 0.6732772157514317 0.2806607103336696 0.5469035063884671 0.2965155692792539 0.745563212963864 0.5591113778130437 0.2711522312281424 0.5457100831485524 0.26746347881533283 0.868681994820314 0.784910412881623 0.22914713570106005 0.7654170893212405 0.5550823794041746 0.42265900783018934 0.59790017337763 0.7620144802593978 0.3661244079885961 0.3551626777970906 0.6379394260037546 0.6301898079943852 0.10992258776066001 0.29640125109385085 0.44836595064745943 0.6697939653356098 0.41977600532903264 0.2915627762592475 0.2915627762592475 0.2915627762592475 0.2915627762592475 0.2915627762592475 0.2915627762592475 0.2915627762592475 0.1668785561418842 0.5794559970351503
2 0.7711692862951687 0.0 0.7741388876196571 0.8435100421749582 0.8180181358778056 0.7250371218944585 0.25941970169013767 0.6867872397256665 0.8960703656103131 0.5949594690817182 0.059749849372195095 0.6591268221859886 1.0402550663779535 0.9096130948513218 0.8421958846521396 0.1202850125743021 0.06479002334464774 0.9942202009741103 0.37582752028024774 0.3502507960019506 0.4767405361672112 0.9054217870694299 0.8490992164935732 0.41036199933717066 0.5027581167171744 0.27334812423903704 0.250055411709085 0.8542833867195359 0.7973042309714655 0.8018262879358595 0.8462250258205556 1.0258059318530968 0.4970348661059906 0.4970348661059906 0.4970348661059906 0.4970348661059906 0.4970348661059906 0.4970348661059906 0.4970348661059906 0.8067645617681779 0.19188084355922558
3 0.41432472144442456 0.7741388876196571 0.0 0.07714994507451058 0.4763132417327908 0.7955673630812164 0.5569362734191409 0.6486018573246611 0.944927025806755 0.22022747926859623 0.723865823564699 0.8898386480705365 0.5218209977568936 0.9463003450543596 0.6797098670020908 0.824038547596531 0.8181125338546037 0.5654834782732383 0.5667354605325134 0.7436705955764286 0.6769333238214824 0.19310622187024426 0.3555537139800399 0.4367849888961387 0.6161298747017548 0.5266142727366968 0.7654668583942743 0.5113973821794554 0.6991112502670801 0.8372465357945651 0.2572759615665638 0.2915729748279151 0.363791553640268 0.363791553640268 0.363791553640268 0.363791553640268 0.363791553640268 0.363791553640268 0.363791553640268 0.26613510572639604 0.6224634081614758
4 0.4064132510450416 0.8435100421749582 0.07714994507451058 0.0 0.5287165562236537 0.8096915836446615 0.6318428270741071 0.6610281574940662 0.9493228616887933 0.26949445504499714 0.7946107217059182 0.9151284459708376 0.4733737404261035 0.949338755726848 0.673816501820043 0.8972087811652313 0.8853906166912996 0.5290066089615516 0.6438850023490219 0.7917290977664013 0.7132238514134255 0.19429956420434918 0.39729607762976976 0.48962867690730694 0.6494550097774285 0.6009018927620382 0.821067405591648 0.493514239941463 0.7000422232444269 0.8452013491618432 0.29263916420226466 0.2155002824244089 0.41011462803099324 0.41011462803099324 0.41011462803099324 0.41011462803099324 0.41011462803099324 0.41011462803099324 0.41011462803099324 0.24444592065526474 0.6857362525964337
5 0.8638608121971963 0.8180181358778056 0.4763132417327908 0.5287165562236537 0.0 1.1720994886314047 0.5616016254428043 1.039957867283574 1.343606852561418 0.583866915593785 0.7583674057638553 1.2204032800881845 0.9978342012829587 1.3487223492624416 1.1131000960605475 0.7971791697761551 0.8809412753413249 1.0394351649092883 0.45107330837126686 0.977151548085045 0.9802539909890702 0.3822595952033121 0.1474449064057487 0.7044430681928809 0.9398300382781984 0.5572105890056289 0.9455030435963706 0.9698853670666446 1.1169365225472752 1.2302078006784058 0.2493353405556461 0.7192425599893266 0.6843468616498507 0.6843468616498507 0.6843468616498507 0.6843468616498507 0.6843468616498507 0.6843468616498507 0.6843468616498507 0.7366305906287086 0.7665746063169585
6 0.42598840359803225 0.7250371218944585 0.7955673630812164 0.8096915836446615 1.1720994886314047 0.0 0.7762475811556517 0.14890137516154778 0.18216362013311002 0.6021464931600947 0.7331807486050081 0.1619421180545691 0.6105061936622757 0.19242029635669936 0.22925765527022215 0.8448509253856564 0.7022619384887664 0.5088328678456219 0.9134362925924281 0.3810787592152047 0.2515615346192656 0.9884895943433092 1.1045118746871851 0.48287508335489826 0.2524247874120131 0.74947139214916 0.4873058724251124 0.3998492737269883 0.1650047115993965 0.07681505646681518 1.0303194025155502 0.8454035991465852 0.48778922958589394 0.48778922958589394 0.48778922958589394 0.48778922958589394 0.48778922958589394 0.48778922958589394 0.48778922958589394 0.5881485632899225 0.5688215295679304
7 0.6732772157514317 0.25941970169013767 0.5569362734191409 0.6318428270741071 0.5616016254428043 0.7762475811556517 0.0 0.6896367185881274 0.9582140250747742 0.42304381501801913 0.19986274271359336 0.7635390921557323 0.9224585341629183 0.9686408191378267 0.8234625457481354 0.27245062052599556 0.3205696125648843 0.9019825239160679 0.14668495875514984 0.4683627847352947 0.5328091439249143 0.6630913251770076 0.5900947846956455 0.3244595631584928 0.5245624070117874 0.035633209229593635 0.4073353098492691 0.774789796428683 0.7956338628414455 0.849652578557848 0.5923554693340816 0.8331574278610255 0.3826068586029267 0.3826068586029267 0.3826068586029267 0.3826068586029267 0.3826068586029267 0.3826068586029267 0.3826068586029267 0.6565643976412366 0.23515783688833336
8 0.2806607103336696 0.6867872397256665 0.6486018573246611 0.6610281574940662 1.039957867283574 0.14890137516154778 0.6896367185881274 0.0 0.304052540895484 0.4618762203231511 0.6829181879625114 0.2810025571502865 0.4917166135336491 0.3087691623608161 0.15973720551267948 0.8024910661184959 0.6770880945822338 0.39948259840073136 0.8176622572003677 0.37549692708463006 0.22389103002353622 0.8412081294483548 0.9650539231048181 0.374479042471004 0.18406094106300772 0.6593197050179829 0.475974540942055 0.2723259505170229 0.11071193984841923 0.1916347518718878 0.8873361979120428 0.7003313792948308 0.3603206827605099 0.3603206827605099 0.3603206827605099 0.3603206827605099 0.3603206827605099 0.3603206827605099 0.3603206827605099 0.4402176670977665 0.5093823656399974
9 0.5469035063884671 0.8960703656103131 0.944927025806755 0.9493228616887933 1.343606852561418 0.18216362013311002 0.9582140250747742 0.304052540895484 0.0 0.7656010213714451 0.9083117785898188 0.25911940047013077 0.6681608623677385 0.016704252452594225 0.2909754298905665 1.0163385948713157 0.8681047131826898 0.5593592585271115 1.095592369827848 0.5468244081284228 0.43010919939010833 1.135746251204467 1.268567560134264 0.6630120517192731 0.4345817543339803 0.9316030761273817 0.6515120873782773 0.48818969120619493 0.2505111439636967 0.11376414637309945 1.188942697736102 0.9528550013774396 0.6614114773724448 0.6614114773724448 0.6614114773724448 0.6614114773724448 0.6614114773724448 0.6614114773724448 0.6614114773724448 0.713781719014994 0.7476937490711019
10 0.2965155692792539 0.5949594690817182 0.22022747926859623 0.26949445504499714 0.583866915593785 0.6021464931600947 0.42304381501801913 0.4618762203231511 0.7656010213714451 0.0 0.5522504454049811 0.680211558873414 0.5097169888526377 0.7694830012579875 0.5301437789175687 0.6655079726795164 0.630025115233512 0.5092142408898243 0.48672908712136786 0.5241696161072292 0.4592156319475634 0.4059652271439021 0.5032096169589767 0.22014159318493176 0.40101101970519465 0.3879961541368677 0.5517449257809264 0.40643409136660763 0.5333071617979641 0.6535003649769447 0.42910790277621313 0.43123867014102535 0.14356602496760854 0.14356602496760854 0.14356602496760854 0.14356602496760854 0.14356602496760854 0.14356602496760854 0.14356602496760854 0.23493191252999238 0.42382709154205794
