param n := 24.0;
param numVehicles := 3.0;
set Origin := 49 51 52 53;
set O := 51 52 53;
param Ok := 1 51 2 52 3 53;
set S := 57 58 59;
set F := 50 54 55 56;
param t:
 1 2 3 4 5 6 7 8 9 10 11 12 13 14 15 16 17 18 19 20 21 22 23 24 25 26 27 28 29 30 31 32 33 34 35 36 37 38 39 40 41 42 43 44 45 46 47 48 49 50 51 52 53 54 55 56 57 58 59:=
1 0.0 30.355607126196634 29.12073034798406 20.078553135124054 13.017959594345037 24.362792779154038 12.22434063661513 18.781769245734015 8.058041945783106 25.04804503349513 9.21175292764629 21.34725209482476 18.442017785481067 15.241254147871166 23.977508878113255 20.748602844529074 6.652083282701744 17.97319659938098 6.195031880466799 17.566024023665683 26.54523158685944 12.13995518937364 23.09229100803989 11.038820226817718 7.32491856610024 20.972970795764724 9.518666293131616 30.91678411478141 21.34805977132348 18.076694056159717 26.67568795738922 17.71640065024496 17.71702661283772 16.878379069093096 19.132453266635725 21.31123459586516 26.671927114477498 17.068244197924987 8.388993980210023 16.08896267631944 3.569821284042101 3.53166363064208 32.01820207319581 27.420640182169343 4.790177032219165 12.618124900317005 29.03760079620904 0.8200926776895402 12.429048877528803 12.429048877528803 12.429048877528803 12.429048877528803 12.429048877528803 12.429048877528803 12.429048877528803 12.429048877528803 12.429048877528803 22.46813868570336 7.755337258946255
2 30.355607126196634 0.0 14.598043841556304 10.386673192124608 26.647962248547262 31.374237393122403 20.123671335022348 22.933522101936283 29.77253479299336 6.567491149594341 22.750514104081255 16.319270817043265 14.535061059383272 15.15351048437292 19.977208013133367 14.400935108526806 32.93677640571402 26.288603918808622 29.183177894122498 43.503975956227265 12.072831150976972 32.103524105618064 7.9796664090674865 23.52395485457324 36.220821249662464 46.99145986240478 39.81619072688898 18.5026478105162 16.63387014497829 23.971595357839657 31.446896253843555 27.347700451774735 29.10878664595967 40.75530223173422 17.384197536843626 20.294973663446818 25.040663329872075 20.765035709095226 22.370426906968046 43.48396711432847 28.387266793405804 32.035548067732506 17.173133086306645 15.972038817884208 27.92167473487219 42.17563059398164 2.050568701604509 30.65018270744891 23.119104221400967 23.119104221400967 23.119104221400967 23.119104221400967 23.119104221400967 23.119104221400967 23.119104221400967 23.119104221400967 23.119104221400967 28.07413364647251 23.169570129806033
3 29.12073034798406 14.598043841556304 0.0 16.044404382837026 19.51217056096015 19.10828511405458 24.169038044572645 13.315464092550435 24.709873006553472 10.34266542048035 19.910184328629406 7.860872470661255 21.85503850374096 17.921435768375254 7.807127256552182 8.516113667630322 34.182909706460045 33.64004999996284 25.121907013600698 36.54920814463701 3.549821403958232 25.06351244339069 11.271407010661976 18.655235190155064 32.46530763753825 39.62797325122747 37.27641624405436 3.9953598085779465 7.92598157959 14.547903903999366 18.42354059349071 17.717799976295026 19.434139445830883 33.150483676712774 25.727293056207834 9.769874103590075 11.510214246485596 28.0869696478634 21.035291963745117 37.44220773405329 25.940041942911346 29.16183396153266 3.4464045032468285 2.3395016563362376 28.997278010185713 38.12145752722474 12.729866142265594 29.018133916570168 17.49463780705391 17.49463780705391 17.49463780705391 17.49463780705391 17.49463780705391 17.49463780705391 17.49463780705391 17.49463780705391 17.49463780705391 16.287859036718118 24.552603772308956
4 20.078553135124054 10.386673192124608 16.044404382837026 0.0 18.684410614199205 26.495007831665195 9.98589725563006 17.220943992708413 20.52719951673876 6.709649767312747 13.277518442841643 12.343429831290814 5.847793772013511 4.840687967634353 17.09303776395524 9.959143738293971 22.594005311143928 17.969756036184798 19.611745154371143 34.39232437623255 12.494625404548948 23.557778672871514 5.00534514294469 14.831274254088893 26.284714493408522 37.95329814390312 29.58329325818882 19.72637594693967 12.645209053234352 17.891890565281244 27.374305616764055 20.82905173069576 22.389463593395888 32.01888305359823 9.689889576254211 15.994682366336631 22.39708427452109 12.28929452816556 12.429283647901839 34.03123894306523 18.38962533604206 22.00874916936444 19.47143240750408 15.931895681305475 17.539671718706707 32.18661168871306 9.37116364172561 20.423592632051786 14.877432574204462 14.877432574204462 14.877432574204462 14.877432574204462 14.877432574204462 14.877432574204462 14.877432574204462 14.877432574204462 14.877432574204462 23.135643496561748 12.783504996674425
5 13.017959594345037 26.647962248547262 19.51217056096015 18.684410614199205 0.0 11.599344809082968 17.44713248645748 6.654154792308336 5.812111492392416 20.143679306422644 7.153549049248212 12.03170494983982 20.93568255395558 15.112825943548746 12.577217657335822 12.875762035701033 19.57912326944187 27.047073704931556 7.080203669386919 17.34695108657426 18.134119443744712 5.688599827725624 18.699083399995843 4.271742501602829 13.550354386509602 20.66444076184981 18.73763378871516 20.05456047885368 11.855217248114856 5.608833390287146 13.768812294457355 4.724166381489966 5.118263768115121 14.255018204127275 23.729169391278745 10.004912793223136 14.005158192608894 23.55736233112697 9.38089569284298 17.979901000839796 9.490293989123836 11.327130616356465 21.637520930088087 17.3410409145472 15.760963041641839 18.825568676669505 24.775757586802467 12.49680151078667 3.8163123561888903 3.8163123561888903 3.8163123561888903 3.8163123561888903 3.8163123561888903 3.8163123561888903 3.8163123561888903 3.8163123561888903 3.8163123561888903 9.45411233273648 13.991005682223133
6 24.362792779154038 31.374237393122403 19.10828511405458 26.495007831665195 11.599344809082968 0.0 28.2249597342494 9.288186905957483 16.459948967114084 25.059225367117794 18.275933464531985 15.141421465635254 30.361177908638528 24.388823423855445 11.657440713981778 17.331907223384274 31.00295579456901 38.232787447425274 18.19122216894731 21.60701534224475 19.86762310896802 13.361173900522365 24.40132865235006 15.22364818300791 22.94927850717752 23.768643040779587 28.187512838134552 17.266083400702083 14.81697728958238 8.790688937734062 2.549704296580291 6.984479078642874 6.645911826077743 17.927171109798667 33.715041746971046 11.113460307213051 8.039441274118495 34.1978742029384 20.54622894839829 23.55593258608116 20.940611261374393 22.082606005632577 19.372444141098978 16.852141110256582 27.359717030700445 26.785635628074985 29.325071935120633 23.753392347199586 14.085001952431531 14.085001952431531 14.085001952431531 14.085001952431531 14.085001952431531 14.085001952431531 14.085001952431531 14.085001952431531 14.085001952431531 3.3827917464721358 25.324519343908584
7 12.22434063661513 20.123671335022348 24.169038044572645 9.98589725563006 17.44713248645748 28.2249597342494 0.0 19.615073795425804 16.228461911099277 16.449101373631326 10.296364406915675 17.955780462012783 6.408460969686871 6.283026340864727 22.313510974295372 16.120098262727804 12.966536160440073 10.262830993444254 14.586073494947158 29.085486827625903 20.794127247855343 20.343255393373006 14.52871942051329 13.249037700904921 19.40144839953966 32.624170303626116 21.451371051753313 27.251812783739727 18.143834214410138 19.66769544201862 29.87311674398907 21.39180076571395 22.39290494777308 27.601528798238693 7.078273800864164 20.219036772309405 26.887923980850587 6.114675461543318 8.126325861051845 28.00330566201069 12.117473664093518 15.154956944841512 27.56720675004996 23.319719123522905 8.380832655530117 24.839127601427553 19.314832124561683 12.831872817324836 14.201796506076263 14.201796506076263 14.201796506076263 14.201796506076263 14.201796506076263 14.201796506076263 14.201796506076263 14.201796506076263 14.201796506076263 25.25824665332097 4.626340238244481
8 18.781769245734015 22.933522101936283 13.315464092550435 17.220943992708413 6.654154792308336 9.288186905957483 19.615073795425804 0.0 12.389991444710525 16.41491346306766 10.594878762874071 6.7641185678549425 21.15429233039952 15.221376678868438 5.963128373597201 8.540768115339509 25.010578961711385 29.835356542196706 13.380449170338043 23.242099216723087 12.607477146519045 11.873824994499456 15.481641515033218 7.886483119870352 20.18940256669325 26.31641875331824 25.338477460179018 13.45452682185442 6.48459713474939 1.2340583454602132 10.44460051892843 4.591820989542167 6.382739223875592 19.836812848842428 24.615725867826853 3.5494777080579047 7.955872799385371 25.3843670001834 12.693214092577183 24.231927533731195 15.226710215933053 17.674197237781406 15.1256595228109 11.037054860786006 20.510119746115574 25.458800050277308 20.919465098324096 18.40255851777138 6.482421769678366 6.482421769678366 6.482421769678366 6.482421769678366 6.482421769678366 6.482421769678366 6.482421769678366 6.482421769678366 6.482421769678366 5.9683994504389535 17.447687296601803
9 8.058041945783106 29.77253479299336 24.709873006553472 20.52719951673876 5.812111492392416 16.459948967114084 16.228461911099277 12.389991444710525 0.0 23.56578078485837 7.254541198449424 16.93790412064019 21.185967525699645 16.101350626577887 18.214090040405534 17.223388749023812 14.694178575204537 24.542051829462018 1.9593600996243643 13.867182842956964 22.88529484188482 4.356248845050062 21.84795917242615 6.432903543501953 7.836591606049151 17.42612773969019 12.948842419305288 25.627839940190043 16.8247522418608 11.402256092545896 18.85372069380471 10.159362381567064 9.853503742324353 11.65559264902476 23.18115182643002 15.572283326474636 19.79887451346667 22.150399544929204 8.594394684909462 13.71761524464074 5.0334322286090245 5.6684629309893175 27.09529863278868 22.657260646424135 11.882900824293705 13.418604547418482 28.077908255423875 7.3764099669148 7.31202297589388 7.31202297589388 7.31202297589388 7.31202297589388 7.31202297589388 7.31202297589388 7.31202297589388 7.31202297589388 7.31202297589388 14.894619162637223 11.87778093753206
10 25.04804503349513 6.567491149594341 10.34266542048035 6.709649767312747 20.143679306422644 25.059225367117794 16.449101373631326 16.41491346306766 23.56578078485837 0.0 16.77970035489311 9.920867905581648 12.416297193608084 10.490926555838621 13.976672708481086 7.8745265254490056 28.52253544129624 24.634778748752748 23.14738559751403 37.15941226661154 6.999806283033838 25.662844113620768 1.990971622098115 17.209341184368448 30.376561754089284 40.612854122802055 34.32136174454621 14.296840630013332 10.243934009939736 17.42933263208893 25.320675662391 20.79219632458293 22.548320558303228 34.31788828002096 16.107559467529526 13.945780723932238 19.24783707329216 18.9391231053605 16.75803198469319 37.2747045595267 22.695885265836186 26.32450493361651 13.591226581879944 10.949058954997 23.310515481215766 36.339719371508636 4.634481632286398 25.235286564649904 16.697790272967257 16.697790272967257 16.697790272967257 16.697790272967257 16.697790272967257 16.697790272967257 16.697790272967257 16.697790272967257 16.697790272967257 21.717463019422873 18.492814820897333
11 9.21175292764629 22.750514104081255 19.910184328629406 13.277518442841643 7.153549049248212 18.275933464531985 10.296364406915675 10.594878762874071 7.254541198449424 16.77970035489311 0.0 12.144588424479439 14.270544348412221 8.887335933788032 15.088835210181069 11.585624886038735 14.751970851381182 19.996470588581374 6.434922532556239 21.115349677426607 17.405619322506166 10.654851664852027 14.948328334633274 3.0540792393125624 13.601624902929796 24.67880856119274 17.796603945697054 21.778038938343368 12.155618289498895 10.255723280198234 20.16014484074953 11.314808173362906 12.159722365251602 18.83721359437218 16.743703055178685 12.49413206269247 18.50163776534391 16.409378050371075 2.2735953905653483 20.815124693356992 6.148001301236037 9.657734724043728 22.82117770843565 18.222003512237617 9.972426986446177 19.56207034032952 21.152421799879086 9.123007398878947 4.268256787026759 4.268256787026759 4.268256787026759 4.268256787026759 4.268256787026759 4.268256787026759 4.268256787026759 4.268256787026759 4.268256787026759 15.575686694332292 7.059321213827856
12 21.34725209482476 16.319270817043265 7.860872470661255 12.343429831290814 12.03170494983982 15.141421465635254 17.955780462012783 6.7641185678549425 16.93790412064019 9.920867905581648 12.144588424479439 0.0 17.413668424545126 12.16258689588691 4.765081321446676 2.396902167381889 26.674738311743567 28.032666658739405 17.273951950842054 29.34159457152934 6.107164644906833 17.703916063967316 9.339608771249468 10.798006667899404 24.641605223686224 32.582165980793846 29.417842001071392 9.747195699276793 0.32756678708318404 7.911915065267069 15.516763193398292 11.333530076723669 13.126496105206446 26.114669976854003 21.229179635586487 4.032000496031716 10.056339095316945 22.85526013853266 13.468238489126927 30.00086912074382 18.105715451204908 21.301179779533342 10.677438831480142 6.078201049652767 21.58991560891334 30.35536855319006 14.282155859673285 21.210665336099197 9.666119179898415 9.666119179898415 9.666119179898415 9.666119179898415 9.666119179898415 9.666119179898415 9.666119179898415 9.666119179898415 9.666119179898415 11.796688518393626 17.42715868981516
13 18.442017785481067 14.535061059383272 21.85503850374096 5.847793772013511 20.93568255395558 30.361177908638528 6.408460969686871 21.15429233039952 21.185967525699645 12.416297193608084 14.270544348412221 17.413668424545126 0.0 5.9898701154532565 22.158458610652502 15.133351908946015 19.262054926720566 12.240063071732921 19.815288239134954 34.67216895436454 18.307231904359544 24.912397315392994 10.8327350193753 16.70277450006435 25.432996598906705 38.245731003603524 27.798990557212683 25.46626395842154 17.684323113989972 21.57182032189217 31.580548000311836 24.041232913475966 25.3771122864679 32.82343827206407 3.8932397819810696 20.65708720996259 27.301338062446682 6.5418850494333824 12.593649193144934 33.837456937541866 17.788897323892787 21.117158994523862 25.29149619931569 21.61481288376099 14.78869027331359 31.041460403788996 14.128761021405946 18.98592373312397 17.22288164042243 17.22288164042243 17.22288164042243 17.22288164042243 17.22288164042243 17.22288164042243 17.22288164042243 17.22288164042243 17.22288164042243 27.110803234135282 10.689230655196846
14 15.241254147871166 15.15351048437292 17.921435768375254 4.840687967634353 15.112825943548746 24.388823423855445 6.283026340864727 15.221376678868438 16.101350626577887 10.490926555838621 8.887335933788032 12.16258689588691 5.9898701154532565 0.0 16.771476977296903 10.11026191549952 18.068595739569805 15.935359675890593 15.019221817391207 29.90540666836015 14.519163750023623 19.473449925475453 8.511897790739736 10.958475258903494 21.4995204597684 33.48099311549764 24.742986804345186 21.11598541389911 12.392574712302524 15.598166302485687 25.663799640739093 18.058253293162107 19.418952082952362 27.72163494456992 9.414985714274877 15.004246465584334 21.715454128339108 10.696031600551674 7.723946141707619 29.40195728178653 13.605331454984844 17.204316318877652 21.336648752791522 17.180132013462526 12.90431121757376 27.37861661954453 13.96707499800871 15.582959025807646 11.341069614458771 11.341069614458771 11.341069614458771 11.341069614458771 11.341069614458771 11.341069614458771 11.341069614458771 11.341069614458771 11.341069614458771 21.160242437174485 8.092209834155316
15 23.977508878113255 19.977208013133367 7.807127256552182 17.09303776395524 12.577217657335822 11.657440713981778 22.313510974295372 5.963128373597201 18.214090040405534 13.976672708481086 15.088835210181069 4.765081321446676 22.158458610652502 16.771476977296903 0.0 7.134111016798099 29.839401870680987 32.50504576215822 19.024152438413648 29.055769341044815 8.216900875634316 17.81886876319594 13.758327369269857 12.950462076698265 26.046462869264996 32.02328184305912 31.12817225601272 7.491471417552095 4.48027900916896 7.1351804462115735 11.477366422659859 10.045294619870539 11.707745299586936 25.570534370638402 25.953707789061664 2.683577463014623 5.362592283588229 27.459216958973904 16.829583714400066 30.148709889479516 20.508432704621775 23.27947980518465 9.201170577703687 5.468071689361799 24.98251180325949 31.401719698131185 17.93104949521918 23.699370540164143 11.585367495250205 11.585367495250205 11.585367495250205 11.585367495250205 11.585367495250205 11.585367495250205 11.585367495250205 11.585367495250205 11.585367495250205 8.603995583448425 21.222929580998002
16 20.748602844529074 14.400935108526806 8.516113667630322 9.959143738293971 12.875762035701033 17.331907223384274 16.120098262727804 8.540768115339509 17.223388749023812 7.8745265254490056 11.585624886038735 2.396902167381889 15.133351908946015 10.11026191549952 7.134111016798099 0.0 25.668677332500014 26.043548529338317 17.288051480719275 30.200045695329667 5.824946351684279 18.548965901095404 7.069742286674954 10.842144806264118 24.70780168286932 33.539992725103566 29.262739311281166 11.166432733868053 2.710483351728986 9.571784577600981 17.830077958326488 12.960396444553693 14.732866659275784 27.1225610885108 18.978806917190553 6.302619772761165 12.449636460555787 20.75086986128533 12.549101163031558 30.64863024671739 17.71099590649831 21.09723052914766 11.717504512480463 7.2625265576106495 20.481751585252663 30.54920653634068 12.398393605624882 20.70252003984056 9.934400032211306 9.934400032211306 9.934400032211306 9.934400032211306 9.934400032211306 9.934400032211306 9.934400032211306 9.934400032211306 9.934400032211306 13.960096847801594 16.077944644761036
17 6.652083282701744 32.93677640571402 34.182909706460045 22.594005311143928 19.57912326944187 31.00295579456901 12.966536160440073 25.010578961711385 14.694178575204537 28.52253544129624 14.751970851381182 26.674738311743567 19.262054926720566 18.068595739569805 29.839401870680987 25.668677332500014 0.0 14.357587541087812 12.847021444677363 22.02200653891466 31.272421652312122 18.660581448604436 26.532649547303038 17.132467539732858 11.701764140504626 25.06937294788204 10.634221175055558 36.40754932702831 26.729501678856643 24.412592816003794 33.295780933926146 24.297905259507452 24.357374324832307 22.181756918693345 18.57913937726934 27.229864560808966 32.96017020587121 15.608825836686115 13.206618037938405 19.937967900465683 10.092312519933179 9.553691014471841 37.29318141430147 32.716113461106595 5.260467659818851 14.979807742424466 31.94907760796859 7.319870217428722 18.54123933290329 18.54123933290329 18.54123933290329 18.54123933290329 18.54123933290329 18.54123933290329 18.54123933290329 18.54123933290329 18.54123933290329 29.030217980580165 10.039997808764703
18 17.97319659938098 26.288603918808622 33.64004999996284 17.969756036184798 27.047073704931556 38.232787447425274 10.262830993444254 29.835356542196706 24.542051829462018 24.634778748752748 19.996470588581374 28.032666658739405 12.240063071732921 15.935359675890593 32.50504576215822 26.043548529338317 14.357587541087812 0.0 22.6437885522719 35.45407333438571 30.13646595073815 28.88833293909498 22.9715442232341 23.04581081237976 25.02004708228983 38.76091273435134 24.96062218775806 37.00281437944957 28.242494578206085 29.827128591267375 39.99297163252563 31.301729664668688 32.12981574799332 34.828901848895555 8.906008084433788 30.468162596389035 37.14781247933719 5.698974293677766 17.724354543960125 33.723559302066555 19.655501112920014 21.493781147113225 37.08392152941757 33.07393535701489 13.199245129930723 29.203595669026782 26.175583279078996 18.781022868842896 24.14787386085988 24.14787386085988 24.14787386085988 24.14787386085988 24.14787386085988 24.14787386085988 24.14787386085988 24.14787386085988 24.14787386085988 35.375695215783395 13.06904020959458
19 6.195031880466799 29.183177894122498 25.121907013600698 19.611745154371143 7.080203669386919 18.19122216894731 14.586073494947158 13.380449170338043 1.9593600996243643 23.14738559751403 6.434922532556239 17.273951950842054 19.815288239134954 15.019221817391207 19.024152438413648 17.288051480719275 12.847021444677363 22.6437885522719 0.0 14.916490874196919 23.05691401727473 6.2968071274257715 21.350446271682472 6.488154437126169 7.419772772801065 18.496182633181366 12.180624778721329 26.324366962948982 17.196197835568185 12.500223677998727 20.53602230228629 11.67186703145645 11.550416269554962 13.055818166625944 21.606057021122574 16.347653654271 21.040138877868653 20.415722666611632 7.331087777403842 14.420047850128652 3.075001788617367 4.295235034314188 27.681354952386272 23.16522997943254 9.924058847064543 13.301159347966628 27.56798868252815 5.562468876317422 7.638627363604013 7.638627363604013 7.638627363604013 7.638627363604013 7.638627363604013 7.638627363604013 7.638627363604013 7.638627363604013 7.638627363604013 16.434495063737124 10.12939425632155
20 17.566024023665683 43.503975956227265 36.54920814463701 34.39232437623255 17.34695108657426 21.60701534224475 29.085486827625903 23.242099216723087 13.867182842956964 37.15941226661154 21.115349677426607 29.34159457152934 34.67216895436454 29.90540666836015 29.055769341044815 30.200045695329667 22.02200653891466 35.45407333438571 14.916490874196919 0.0 35.44840137439205 11.658776608203794 35.535031504136875 19.980429224618774 10.462410429724118 3.5797407727376016 12.648027830456416 36.42001235584634 29.146937677910522 22.014289631964054 24.041031758225355 19.050485873068958 17.523545075126776 3.6853982145760034 36.16321844084124 26.791547920939546 28.392626084953818 34.48756413549672 22.246673908699254 2.8368010152282457 16.978803962588177 14.145478712295317 38.246724095012375 34.2791526733086 22.347512523768724 8.588771507031725 41.74181524562629 16.788350484785575 20.47906579900558 20.47906579900558 20.47906579900558 20.47906579900558 20.47906579900558 20.47906579900558 20.47906579900558 20.47906579900558 20.47906579900558 22.273934003673443 24.467450541484702
21 26.54523158685944 12.072831150976972 3.549821403958232 12.494625404548948 18.134119443744712 19.86762310896802 20.794127247855343 12.607477146519045 22.88529484188482 6.999806283033838 17.405619322506166 6.107164644906833 18.307231904359544 14.519163750023623 8.216900875634316 5.824946351684279 31.272421652312122 30.13646595073815 23.05691401727473 35.44840137439205 0.0 23.810272908977755 7.756605958794091 16.580005548853112 30.471415195228463 38.67973412524962 35.078552877791296 7.3566038360102 6.305432578340681 13.81545294226722 19.627117974883625 17.19229001616713 18.976250419932807 32.20746062638282 22.177864459861773 9.289588580771486 13.01800015363343 24.562218955135144 18.276551644114924 36.09133934893522 23.53552752754865 26.91487796739937 6.985143663519027 3.9995564754107424 26.03941297341397 36.27118663622683 10.074756771257556 26.51565002031819 15.573677279306901 15.573677279306901 15.573677279306901 15.573677279306901 15.573677279306901 15.573677279306901 15.573677279306901 15.573677279306901 15.573677279306901 16.7383220186493 21.468754598252783
22 12.13995518937364 32.103524105618064 25.06351244339069 23.557778672871514 5.688599827725624 13.361173900522365 20.343255393373006 11.873824994499456 4.356248845050062 25.662844113620768 10.654851664852027 17.703916063967316 24.912397315392994 19.473449925475453 17.81886876319594 18.548965901095404 18.660581448604436 28.88833293909498 6.2968071274257715 11.658776608203794 23.810272908977755 0.0 24.125668322349124 8.743481228892758 9.594305811261176 15.001602581057798 14.856459874411538 25.297349821671045 17.518302429173897 10.68380026020704 15.879808814970033 8.259206983724285 7.250231996288119 8.6554907428753 27.178641614326498 15.388278136295822 18.195850076322348 26.348139668674904 12.41400579990198 12.38037737712385 9.365882339641043 9.191338966657687 26.99933332510268 22.840902346448576 16.20526642792398 13.967308258930926 30.279117886754893 11.39137392942572 8.984910461434772 8.984910461434772 8.984910461434772 8.984910461434772 8.984910461434772 8.984910461434772 8.984910461434772 8.984910461434772 8.984910461434772 12.548490586520755 16.12428652685135
23 23.09229100803989 7.9796664090674865 11.271407010661976 5.00534514294469 18.699083399995843 24.40132865235006 14.52871942051329 15.481641515033218 21.84795917242615 1.990971622098115 14.948328334633274 9.339608771249468 10.8327350193753 8.511897790739736 13.758327369269857 7.069742286674954 26.532649547303038 22.9715442232341 21.350446271682472 35.535031504136875 7.756605958794091 24.125668322349124 0.0 15.555374633868514 28.524270367530875 39.01583288871327 32.39814562594594 15.104414321647827 9.667038015855736 16.416165813002742 24.85636578424127 19.70663573520351 21.42885325909905 32.776287282119064 14.624871965251524 13.348613111480908 19.11019832445493 17.294394467572435 14.833561541315692 35.565573691422436 20.798004711991005 24.43539612938575 14.648711069578786 11.491051300903672 21.31956331635336 34.48926331483466 6.230463546157701 23.292898316869028 15.140812395641126 15.140812395641126 15.140812395641126 15.140812395641126 15.140812395641126 15.140812395641126 15.140812395641126 15.140812395641126 15.140812395641126 21.0278910021904 16.50200593867303
24 11.038820226817718 23.52395485457324 18.655235190155064 14.831274254088893 4.271742501602829 15.22364818300791 13.249037700904921 7.886483119870352 6.432903543501953 17.209341184368448 3.0540792393125624 10.798006667899404 16.70277450006435 10.958475258903494 12.950462076698265 10.842144806264118 17.132467539732858 23.04581081237976 6.488154437126169 19.980429224618774 16.580005548853112 8.743481228892758 15.555374633868514 0.0 13.892875872187155 23.472033401475894 18.621233901114074 20.039733032153897 10.731365989472168 7.387038648876829 17.132277139948442 8.260876708921396 9.147380390035172 17.313216223451956 19.45743127959084 10.27721440858368 15.842244790432952 19.34433167623012 5.32723905977571 20.082380735361035 7.559410029889899 10.529153812154137 21.298058878686575 16.745341202854004 12.666823595519121 19.707763850827927 21.7689794891722 10.749077355754773 1.4090479055021516 1.4090479055021516 1.4090479055021516 1.4090479055021516 1.4090479055021516 1.4090479055021516 1.4090479055021516 1.4090479055021516 1.4090479055021516 12.565405524693581 10.10353482698011
25 7.32491856610024 36.220821249662464 32.46530763753825 26.284714493408522 13.550354386509602 22.94927850717752 19.40144839953966 20.18940256669325 7.836591606049151 30.376561754089284 13.601624902929796 24.641605223686224 25.432996598906705 21.4995204597684 26.046462869264996 24.70780168286932 11.701764140504626 25.02004708228983 7.419772772801065 10.462410429724118 30.471415195228463 9.594305811261176 28.524270367530875 13.892875872187155 0.0 13.745231609543726 5.290016257063868 33.464095684778336 24.549492377643983 19.1579356925531 25.472932300777625 17.48008935903933 16.745540540693213 10.523958190718927 26.395150160588216 23.40854578994603 27.366807632604868 24.393103287609797 13.883591610242647 8.777522201623873 7.896087638824684 4.3315447590899945 34.91738753114271 30.453465681265243 12.019644753485855 5.965007627824125 34.697270036704616 6.618889937142028 14.976359237144386 14.976359237144386 14.976359237144386 14.976359237144386 14.976359237144386 14.976359237144386 14.976359237144386 14.976359237144386 14.976359237144386 22.02624198541367 14.8130798958218
26 20.972970795764724 46.99145986240478 39.62797325122747 37.95329814390312 20.66444076184981 23.768643040779587 32.624170303626116 26.31641875331824 17.42612773969019 40.612854122802055 24.67880856119274 32.582165980793846 38.245731003603524 33.48099311549764 32.02328184305912 33.539992725103566 25.06937294788204 38.76091273435134 18.496182633181366 3.5797407727376016 38.67973412524962 15.001602581057798 39.01583288871327 23.472033401475894 13.745231609543726 0.0 15.145369721469333 39.29003990835336 32.374636615721265 25.082727204193723 26.09263696907616 21.978306122174203 20.358885038233307 6.482530370156394 39.699585690533354 29.85827349328825 30.96318459073614 37.965455456243376 25.826187097595337 5.138320348129338 20.530573689013174 17.60871261620224 41.17325831167604 37.33244170959087 25.732603832492348 10.748947669423272 45.209557971738676 20.211415586247295 23.916388523353604 23.916388523353604 23.916388523353604 23.916388523353604 23.916388523353604 23.916388523353604 23.916388523353604 23.916388523353604 23.916388523353604 24.817285105345427 28.001600668533218
27 9.518666293131616 39.81619072688898 37.27641624405436 29.58329325818882 18.73763378871516 28.187512838134552 21.451371051753313 25.338477460179018 12.948842419305288 34.32136174454621 17.796603945697054 29.417842001071392 27.798990557212683 24.742986804345186 31.12817225601272 29.262739311281166 10.634221175055558 24.96062218775806 12.180624778721329 12.648027830456416 35.078552877791296 14.856459874411538 32.39814562594594 18.621233901114074 5.290016257063868 15.145369721469333 0.0 38.485460163547486 29.352288496810605 24.343014521624067 30.719903255055996 22.762295578434088 22.033284094750833 14.060134281008843 28.06258719362846 28.466914409538667 32.6282670088376 25.534342364744777 17.56514377965635 10.094165443462874 11.677453489524162 8.166368593199795 39.86172580308083 35.34302335680976 13.202314494057473 4.491736857831278 38.44082751450598 9.16774563346955 19.816491112202485 19.816491112202485 19.816491112202485 19.816491112202485 19.816491112202485 19.816491112202485 19.816491112202485 19.816491112202485 19.816491112202485 27.316026797468187 17.1820057036424
28 30.91678411478141 18.5026478105162 3.9953598085779465 19.72637594693967 20.05456047885368 17.266083400702083 27.251812783739727 13.45452682185442 25.627839940190043 14.296840630013332 21.778038938343368 9.747195699276793 25.46626395842154 21.11598541389911 7.491471417552095 11.166432733868053 36.40754932702831 37.00281437944957 26.324366962948982 36.42001235584634 7.3566038360102 25.297349821671045 15.104414321647827 20.039733032153897 33.464095684778336 39.29003990835336 38.485460163547486 0.0 9.679250590825717 14.618728262061648 16.12247239104474 17.369877604634986 18.9341575994286 32.8801754861497 29.356766920081647 10.064996969696514 9.253583305941543 31.54342942674433 23.2050727212823 37.59814149662187 27.555660979189014 30.525404829420363 2.128275358124508 3.9363008015140304 31.336931949378833 38.87941398735325 16.67667041108626 30.71743459340314 18.742456295800718 18.742456295800718 18.742456295800718 18.742456295800718 18.742456295800718 18.742456295800718 18.742456295800718 18.742456295800718 18.742456295800718 14.91575234441763 27.130788193489696
29 21.34805977132348 16.63387014497829 7.92598157959 12.645209053234352 11.855217248114856 14.81697728958238 18.143834214410138 6.48459713474939 16.8247522418608 10.243934009939736 12.155618289498895 0.32756678708318404 17.684323113989972 12.392574712302524 4.48027900916896 2.710483351728986 26.729501678856643 28.242494578206085 17.196197835568185 29.146937677910522 6.305432578340681 17.518302429173897 9.667038015855736 10.731365989472168 24.549492377643983 32.374636615721265 29.352288496810605 9.679250590825717 0.0 7.643356592492594 15.189327832396007 11.062369547253429 12.85555755305852 25.903558520018056 21.49205341515789 3.7061559600211105 9.752082444278248 23.087929487071808 13.525859824794871 29.831579106711732 18.082065811184297 21.24789043646451 10.670181629194511 6.073959170096552 21.66315332540487 30.243354641970523 14.595369813745727 21.19904148776543 9.57382849230129 9.57382849230129 9.57382849230129 9.57382849230129 9.57382849230129 9.57382849230129 9.57382849230129 9.57382849230129 9.57382849230129 11.474240367013408 17.54018791233435
30 18.076694056159717 23.971595357839657 14.547903903999366 17.891890565281244 5.608833390287146 8.790688937734062 19.66769544201862 1.2340583454602132 11.402256092545896 17.42933263208893 10.255723280198234 7.911915065267069 21.57182032189217 15.598166302485687 7.1351804462115735 9.571784577600981 24.412592816003794 29.827128591267375 12.500223677998727 22.014289631964054 13.81545294226722 10.68380026020704 16.416165813002742 7.387038648876829 19.1579356925531 25.082727204193723 24.343014521624067 14.618728262061648 7.643356592492594 0.0 10.215189670290023 3.422982325399885 5.215202776498724 18.603441939598166 24.937556335775966 4.779523407202856 8.5976985292577 25.539625760766345 12.43402718349932 23.02643185558718 14.508483725048597 16.793312121198724 16.321159395092003 12.26585569783046 20.05336181292304 24.34837982289581 21.969704413123083 17.658219276019878 6.02143404846387 6.02143404846387 6.02143404846387 6.02143404846387 6.02143404846387 6.02143404846387 6.02143404846387 6.02143404846387 6.02143404846387 5.617265170881645 17.232575779609967
31 26.67568795738922 31.446896253843555 18.42354059349071 27.374305616764055 13.768812294457355 2.549704296580291 29.87311674398907 10.44460051892843 18.85372069380471 25.320675662391 20.16014484074953 15.516763193398292 31.580548000311836 25.663799640739093 11.477366422659859 17.830077958326488 33.295780933926146 39.99297163252563 20.53602230228629 24.041031758225355 19.627117974883625 15.879808814970033 24.85636578424127 17.132277139948442 25.472932300777625 26.09263696907616 30.719903255055996 16.12247239104474 15.189327832396007 10.215189670290023 0.0 9.057756234299971 9.000715527112275 20.37072978565078 35.06020844205008 11.52811970791421 6.946242149536682 35.75301419461022 22.41179626892945 26.045979804952626 23.209392926140918 24.501427550246945 18.25052174596661 16.276084172797827 29.498172485765963 29.334017454143577 29.39858724496808 26.089623377887232 15.90815287831997 15.90815287831997 15.90815287831997 15.90815287831997 15.90815287831997 15.90815287831997 15.90815287831997 15.90815287831997 15.90815287831997 4.617935469449525 27.21788617802639
32 17.71640065024496 27.347700451774735 17.717799976295026 20.82905173069576 4.724166381489966 6.984479078642874 21.39180076571395 4.591820989542167 10.159362381567064 20.79219632458293 11.314808173362906 11.333530076723669 24.041232913475966 18.058253293162107 10.045294619870539 12.960396444553693 24.297905259507452 31.301729664668688 11.67186703145645 19.050485873068958 17.19229001616713 8.259206983724285 19.70663573520351 8.260876708921396 17.48008935903933 21.978306122174203 22.762295578434088 17.369877604634986 11.062369547253429 3.422982325399885 9.057756234299971 0.0 1.7931882221339728 15.531859515202935 27.19087824988373 8.001780051963438 9.950707512533972 27.43041385032315 13.588115395447598 20.296648097653954 14.206138532338759 15.814321736957295 19.20816128628662 15.398692152257606 20.442536046195443 22.217583126883987 25.355900299535804 17.17059404912946 7.191041371039385 7.191041371039385 7.191041371039385 7.191041371039385 7.191041371039385 7.191041371039385 7.191041371039385 7.191041371039385 7.191041371039385 4.763095212149343 18.350342667100254
33 17.71702661283772 29.10878664595967 19.434139445830883 22.389463593395888 5.118263768115121 6.645911826077743 22.39290494777308 6.382739223875592 9.853503742324353 22.548320558303228 12.159722365251602 13.126496105206446 25.3771122864679 19.418952082952362 11.707745299586936 14.732866659275784 24.357374324832307 32.12981574799332 11.550416269554962 17.523545075126776 18.976250419932807 7.250231996288119 21.42885325909905 9.147380390035172 16.745540540693213 20.358885038233307 22.033284094750833 18.9341575994286 12.85555755305852 5.215202776498724 9.000715527112275 1.7931882221339728 0.0 13.950461211013778 28.41354339043267 9.758926580316095 11.077854304873304 28.478013554319407 14.420104992682958 18.907801775986545 14.302230315583651 15.507180272377052 20.817635792759944 17.106662678617358 20.798566200582194 21.17522750763259 27.122888415506193 17.111216905877853 8.262958308015357 8.262958308015357 8.262958308015357 8.262958308015357 8.262958308015357 8.262958308015357 8.262958308015357 8.262958308015357 8.262958308015357 5.299479219696969 19.09105759249602
34 16.878379069093096 40.75530223173422 33.150483676712774 32.01888305359823 14.255018204127275 17.927171109798667 27.601528798238693 19.836812848842428 11.65559264902476 34.31788828002096 18.83721359437218 26.114669976854003 32.82343827206407 27.72163494456992 25.570534370638402 27.1225610885108 22.181756918693345 34.828901848895555 13.055818166625944 3.6853982145760034 32.20746062638282 8.6554907428753 32.776287282119064 17.313216223451956 10.523958190718927 6.482530370156394 14.060134281008843 32.8801754861497 25.903558520018056 18.603441939598166 20.37072978565078 15.531859515202935 13.950461211013778 0.0 34.64856730082789 23.38063369543264 24.7398706544719 33.28729006693095 20.243174158219357 5.870321285926351 15.565330963394256 13.34718337328142 34.73920321481194 30.85887288933282 21.630591762594012 10.709431544204389 38.93457882140245 16.063022131591552 17.63653684825907 17.63653684825907 17.63653684825907 17.63653684825907 17.63653684825907 17.63653684825907 17.63653684825907 17.63653684825907 17.63653684825907 18.61116417637543 23.05904230448437
35 19.132453266635725 17.384197536843626 25.727293056207834 9.689889576254211 23.729169391278745 33.715041746971046 7.078273800864164 24.615725867826853 23.18115182643002 16.107559467529526 16.743703055178685 21.229179635586487 3.8932397819810696 9.414985714274877 25.953707789061664 18.978806917190553 18.57913937726934 8.906008084433788 21.606057021122574 36.16321844084124 22.177864459861773 27.178641614326498 14.624871965251524 19.45743127959084 26.395150160588216 39.699585690533354 28.06258719362846 29.356766920081647 21.49205341515789 24.937556335775966 35.06020844205008 27.19087824988373 28.41354339043267 34.64856730082789 0.0 24.353551198952484 31.036478666240473 3.5230554920409656 14.777676271998926 35.050021626241545 19.194987887466873 22.191929524040944 29.15887624720816 25.50800070566096 14.863119053549966 31.682639094620892 17.296037118369053 19.787746713559883 20.16123111320338 20.16123111320338 20.16123111320338 20.16123111320338 20.16123111320338 20.16123111320338 20.16123111320338 20.16123111320338 20.16123111320338 30.530431375923925 11.698001538724467
36 21.31123459586516 20.294973663446818 9.769874103590075 15.994682366336631 10.004912793223136 11.113460307213051 20.219036772309405 3.5494777080579047 15.572283326474636 13.945780723932238 12.49413206269247 4.032000496031716 20.65708720996259 15.004246465584334 2.683577463014623 6.302619772761165 27.229864560808966 30.468162596389035 16.347653654271 26.791547920939546 9.289588580771486 15.388278136295822 13.348613111480908 10.27721440858368 23.40854578994603 29.85827349328825 28.466914409538667 10.064996969696514 3.7061559600211105 4.779523407202856 11.52811970791421 8.001780051963438 9.758926580316095 23.38063369543264 24.353551198952484 0.0 6.7195095059088965 25.60166025866291 14.313296335924859 27.76043947778925 17.83222453873885 20.598277403705385 11.64047146811503 7.487613504982746 22.431707647880934 28.821863437328265 18.250037260235935 21.024236109785296 8.906093644241565 8.906093644241565 8.906093644241565 8.906093644241565 8.906093644241565 8.906093644241565 8.906093644241565 8.906093644241565 8.906093644241565 7.782448457908346 18.81676125160757
