param n := 30;
param numVehicles := 3;
set Origin := 61 63 64 65;
set O := 63 64 65;
param Ok := 1 63 2 64 3 65;
set S := 69 70 71;
set F := 62 66 67 68;
param t:
 1 2 3 4 5 6 7 8 9 10 11 12 13 14 15 16 17 18 19 20 21 22 23 24 25 26 27 28 29 30 31 32 33 34 35 36 37 38 39 40 41 42 43 44 45 46 47 48 49 50 51 52 53 54 55 56 57 58 59 60 61 62 63 64 65 66 67 68 69 70 71:=
1 0.0 3.122463770806636 15.852547366275239 14.445593272690465 11.13159512379066 15.069366708657668 7.310268462922548 3.655453597024588 8.994683429671108 2.804137122182152 4.1874294023899665 6.377272928140993 6.68579299709466 5.652470698729892 3.0768402623470723 8.86347070847532 4.016422413043728 13.029359155384427 8.566009222502625 13.951478953860054 9.948298598252869 5.001458687223158 6.761894483057245 10.683110127673496 6.925705307042742 5.581370799364615 3.4407862473568454 5.799307717305576 11.932354880743365 4.701239198339093 7.417442281541529 11.782552567249592 9.35893482186942 5.651209162648291 4.390594492776576 10.109320105724223 11.360151451455213 11.075535788394166 16.3150397486491 9.415559993967433 6.999282820403817 9.153634305564102 4.703728733675019 13.583966210205325 11.11398992261555 15.456986543307853 11.759607689034528 10.233552364648357 9.046250936161345 16.195564979339252 7.4279324175708545 8.779564567790363 13.582269950196102 13.251214321714066 17.477525711610326 17.015245781357375 15.529864165536027 5.515073979558207 14.929640384148575 5.3408293363484285 5.998184808756729 5.998184808756729 5.998184808756729 5.998184808756729 5.998184808756729 5.998184808756729 5.998184808756729 5.998184808756729 5.998184808756729 3.109054679480565 11.23789219560323
2 3.122463770806636 0.0 16.735907086262163 14.565136490949888 13.52970280530951 16.781985490400118 6.249262756517764 6.1178840296298524 12.032013380976602 1.9130878181620417 5.870891329261682 5.2710911583845705 9.772256648287538 8.34713274124714 4.897045027360887 11.977609986971524 5.426733179363068 16.133121830569557 6.181300995745152 16.711756610242983 10.50040518265843 1.8791947743648074 8.049856706799195 11.432681662672149 9.19796858007245 4.504047069025811 0.689360573285128 2.8330778316170564 13.523470893228557 6.3779528063478175 5.528114506773535 14.778668715415472 8.534072240144209 7.417245108529177 6.95405637020581 13.131804788375435 14.396856775004743 13.5019541178305 19.212225534799448 12.24966815877067 6.330864395957316 11.73360767198222 1.5968180860699197 16.07382200971505 13.834626702589414 15.663282446537188 12.766627471654367 13.293383692649513 7.610832543158468 16.71927286098292 8.77101818490875 10.286471212228225 13.327726475284523 15.837750376868554 20.04867658974028 19.587187980922632 16.309052363641488 3.3698060775065386 17.068969095994053 3.903238911468269 8.38460309138125 8.38460309138125 8.38460309138125 8.38460309138125 8.38460309138125 8.38460309138125 8.38460309138125 8.38460309138125 8.38460309138125 3.2307226745729816 13.934330590308239
3 15.852547366275239 16.735907086262163 0.0 4.213266784811995 23.889679780189603 4.7252344915358435 11.629695309852275 18.419448227349264 18.825393276104485 18.04184372507422 11.68552561932924 12.280714800043198 14.760275132937055 19.057812072743292 12.78191879179335 15.89424817347458 11.843054715739516 17.115031814168503 14.95967446169869 12.288100300697419 6.2720498244194465 17.546794721543876 9.095681008038925 5.303225433639419 21.019065726144916 12.74973889928731 17.425252939340652 16.743546338813648 5.0493640193592695 20.10698873526317 13.568835469560383 14.36696798214571 9.923373670279679 20.80936570393245 12.44314855653504 14.300439189059894 20.151626063422277 9.304374078894291 14.872358925200805 20.724738164811637 11.026380820559393 21.747975652919976 17.62228730897326 9.817434288040841 11.362705751712486 3.583336573641946 4.095939574749608 19.171814833238923 11.830249786035795 1.9426180787792535 8.457153303564978 7.320009836058965 6.129374601050257 10.531992451573442 11.916037302727782 11.693124689320644 0.6724767653978833 14.690846571930427 7.48440992998112 13.496854300169353 11.06517803742895 11.06517803742895 11.06517803742895 11.06517803742895 11.06517803742895 11.06517803742895 11.06517803742895 11.06517803742895 11.06517803742895 13.56341273426419 11.176321622072264
4 14.445593272690465 14.565136490949888 4.213266784811995 0.0 23.963805728640015 8.261224243415743 8.6893705180525 17.570157426727857 19.403770896400523 16.151734086468856 10.60564953220688 9.530229010889508 15.209867487917178 18.68136360119357 11.565827121308704 16.83256106479344 10.553478004904354 18.941906371851804 11.554388819838113 14.898099207617058 4.637625470000785 14.987587464298581 8.205584074275272 4.326843306615113 20.534118851316702 10.172339603060841 15.23585852520297 13.953208842413273 6.907543991897555 19.048521858663992 10.417857793231772 16.216244016417612 6.595246318372043 19.892582185327274 12.01842755937731 15.717889998342653 21.107823478511467 11.2384747185728 17.73909391710862 21.0627788527535 8.320626478817566 21.779006267504492 15.13983067937023 12.544933040873515 13.261951930240134 1.1398885910473886 4.466624676419545 20.010452893425477 8.383026004969803 2.8091696281997645 7.805913975954385 7.381134397909308 1.9798434281528428 13.111036953650919 15.372250648489958 15.07907881801803 3.5417967191808177 11.946191778135825 10.779702639683526 10.88459668522449 11.049662619283902 11.049662619283902 11.049662619283902 11.049662619283902 11.049662619283902 11.049662619283902 11.049662619283902 11.049662619283902 11.049662619283902 11.66186280145672 13.122158511464491
5 11.13159512379066 13.52970280530951 23.889679780189603 23.963805728640015 0.0 21.098455322605968 18.3221135516621 7.510361442700345 5.474657980184698 11.856282596159726 13.650375123050647 17.439023481835218 9.154707313726638 5.567562572616495 12.961880419136724 8.634600453987433 13.90290476842879 10.673812158736915 19.594497697057715 15.510321241031727 19.359472745919504 15.08290492577607 15.790207756707954 19.6783586713933 4.334280563138479 16.66697915040395 13.38723272375587 16.33365041869086 18.93872807239177 7.308298023479886 18.545361899946844 12.001974212603525 20.166558085107138 6.333104530954784 11.958427070480466 10.870393599129702 5.738463993090835 15.505364265311538 16.045765173403232 3.3536970644350097 17.869738946050667 2.1850320363784146 14.69836405862911 16.89694126166035 13.976923051945302 24.76450356861611 20.117509214612035 5.881364807593557 20.120287721600803 24.90535920238855 16.157958843863913 16.791586941084514 23.64551206888952 16.14114844117357 19.38805882495718 19.01758504647738 23.818006318749685 16.572497608990627 19.488950920970577 16.471043804203788 12.98352821847744 12.98352821847744 12.98352821847744 12.98352821847744 12.98352821847744 12.98352821847744 12.98352821847744 12.98352821847744 12.98352821847744 14.12473026291122 14.199859330289156
6 15.069366708657668 16.781985490400118 4.7252344915358435 8.261224243415743 21.098455322605968 0.0 13.096475021928612 16.82326395203975 15.734383400692892 17.661133145979054 11.018197493238176 13.44192951179257 12.043941256914202 16.915565967475047 12.107979393771695 12.6099209355174 11.386354113587018 13.011819280946074 16.743892289429002 7.7910005775895055 7.676040646062266 18.021549877854568 8.751313044337977 6.622970104114921 18.896026698753364 13.649751096631764 17.446228732880925 17.567913393456834 3.277210093967124 18.64799048155055 15.104292667980186 10.346536618598515 12.07449212182442 19.159489867947947 10.928133280666009 10.6621995854514 16.664410280594993 5.639597148733232 10.211751710651802 17.785428445781115 12.295811685285361 19.069230188971975 17.994813280498356 5.338443312427322 7.489368798503651 8.013551023110791 5.086477169908463 15.824207689486386 13.91727318837997 6.640783387522891 8.031810816995131 6.499929922699168 9.832048108100368 6.125107999047853 7.216612224582945 6.976625258676289 5.200489400046885 15.607501017139164 2.773799740428281 14.359109199389772 9.306952777359516 9.306952777359516 9.306952777359516 9.306952777359516 9.306952777359516 9.306952777359516 9.306952777359516 9.306952777359516 9.306952777359516 13.576279681856883 7.274845015531259
7 7.310268462922548 6.249262756517764 11.629695309852275 8.6893705180525 18.3221135516621 13.096475021928612 0.0 10.947948483620117 15.206946603444099 8.065973592815688 5.4679658009171925 0.9875854393418325 11.565745674188067 12.75925272106482 5.640308590848553 13.818045013676862 4.9650049345393406 17.421598233227627 3.6722212623969166 15.88394535372116 5.558295602070836 6.342311408311642 5.37270900012275 6.643708076067159 14.212953563563065 1.7953453706738436 6.861169360976305 5.26411483537356 9.950195374966261 11.921013589456226 2.012462422009415 15.251814646133093 2.29207024325172 12.915578577826082 7.616188351137332 13.951634241191961 17.440363413644796 11.943556338042702 18.789915832701325 16.182181095266483 0.8857567386139373 16.24956448647163 6.530818402007516 14.382833274428233 13.173406431139973 9.824967073736175 8.206739181916287 16.249303646618216 1.8572886151592052 11.161082832772095 5.868317050057878 7.197112546014547 7.2162796509004545 14.476517053490454 18.292142848775264 17.863379131620086 11.084599947675153 3.269750143359581 14.320041096309746 2.3497048750853797 7.978383044201375 7.978383044201375 7.978383044201375 7.978383044201375 7.978383044201375 7.978383044201375 7.978383044201375 7.978383044201375 7.978383044201375 4.2169415457177015 13.172949403986943
8 3.655453597024588 6.1178840296298524 18.419448227349264 17.570157426727857 7.510361442700345 16.82326395203975 10.947948483620117 0.0 6.387888305222626 4.671274130256113 6.967880165444867 10.026472610045868 5.906942102306403 2.2678910908595236 6.0253900288695 7.464079849519296 7.0365737401096 11.526167142636792 12.091664112106324 13.914898490466971 12.955059629349453 7.817312197936066 9.475878112343995 13.527532110477505 3.270441713285837 9.234585697257891 6.087979057125608 8.950384852060832 13.966277241985424 1.8576202518275897 11.044268423032827 11.048511664473184 12.935552636049222 2.3905836107528224 6.014727342116183 9.359784719746497 8.672029750871475 11.96209220830537 15.7705778270804 6.202565033919434 10.587505135772073 5.623362161554242 7.447436136013521 14.195193306186429 11.348673270475274 18.511971531957368 14.361016677101937 7.6916438425085705 12.699664129416966 19.029813504078277 10.028866984859258 11.109062291660805 16.907880884368687 13.674940365500683 17.764042163877004 17.314805514356777 18.189158639145464 9.063092297885971 16.099775308991116 8.98850671691355 7.5550176703962775 7.5550176703962775 7.5550176703962775 7.5550176703962775 7.5550176703962775 7.5550176703962775 7.5550176703962775 7.5550176703962775 7.5550176703962775 6.73188621413048 11.525549531367258
9 8.994683429671108 12.032013380976602 18.825393276104485 19.403770896400523 5.474657980184698 15.734383400692892 15.206946603444099 6.387888305222626 0.0 10.923316758201237 9.895523078645212 14.480832158408576 4.1939043861299465 4.3122547466493675 9.56680678178461 3.167392776401437 10.310478795865883 5.845788398496819 17.360044815610355 10.104383454719045 14.9518936927735 13.871897959543965 11.512863457889178 15.07757434072205 5.300095470838237 13.819200338659254 12.176037122151033 14.789053789881216 13.79682314882669 7.5423616990966424 15.967957164271203 6.621746370860183 16.657860276758235 7.1143742521742555 7.845198913985547 5.39937598246316 2.3663467624167005 10.105752272839466 10.968948354331877 2.1249724704099107 14.567173027049552 3.7615221652942576 13.531330237637393 11.422288737376588 8.508891467165391 20.088788938111726 15.271862394613173 1.3037561121620878 17.06421313744059 20.00768774746347 11.719944453793286 12.042831892873037 19.382529375703264 10.668452793165464 14.02932945653498 13.641377972917548 18.82214942561024 14.347410672312966 14.028923836132263 13.85605210729232 8.397459675401842 8.397459675401842 8.397459675401842 8.397459675401842 8.397459675401842 8.397459675401842 8.397459675401842 8.397459675401842 8.397459675401842 11.348186154624006 8.732315214191482
10 2.804137122182152 1.9130878181620417 18.04184372507422 16.151734086468856 11.856282596159726 17.661133145979054 8.065973592815688 4.671274130256113 10.923316758201237 0.0 6.646979765276858 7.079397785122687 9.277959958956494 6.938906253870274 5.55343290226865 11.332992985085626 6.326182102974906 15.51732596164687 8.053792957358663 16.74086813758474 11.90112498884034 3.226642217538226 9.088983221461023 12.762873069963518 7.528901447090405 6.286108891834439 1.5583571477681237 4.5228072034965185 14.45969245869358 4.591979202914578 7.439908937614762 14.465297646436454 10.329949080223 5.6218235475688845 7.1780975891945085 12.772855749596486 13.259891477685631 13.86453230368771 19.054731407185983 10.873294119079095 8.059182402700662 10.174689577574345 2.8425631039609307 16.383122931846664 13.91253222817471 17.226409492404386 13.995190388129773 12.216789799288518 9.499112853314251 18.17281761312758 9.795060234628474 11.244497898972636 15.020038149086039 16.055260197206398 20.281648157879086 19.81936073641125 17.658010590097632 5.282528182603478 17.665505172510635 5.743625771235449 8.761662970007464 8.761662970007464 8.761662970007464 8.761662970007464 8.761662970007464 8.761662970007464 8.761662970007464 8.761662970007464 8.761662970007464 4.521806939708948 14.038758420886086
11 4.1874294023899665 5.870891329261682 11.68552561932924 10.60564953220688 13.650375123050647 11.018197493238176 5.4679658009171925 6.967880165444867 9.895523078645212 6.646979765276858 0.0 4.928343433649891 6.104304792521422 8.181718645859194 1.115028699182223 8.35015652547903 0.5810955171054065 12.032872682780285 8.366335219198428 11.277255783212512 5.987459227418588 7.371140481635117 2.591371065671607 6.600905468191466 9.963917552850384 4.47648355296878 6.503649821446416 7.353150685250506 7.814345909927458 8.514158149811406 6.6992869023501305 10.036645256259682 6.762719275557725 9.311137417093574 2.1488659799996834 8.612250344712466 12.055169596484323 7.748990385850275 14.00888193254551 11.108179193729276 4.735934226739219 11.484948062573032 7.256617462702578 10.333893990166533 8.410472341075737 11.544822042803432 7.589607763251009 10.864822179861024 7.298192447448888 12.12485711256013 3.241799654512906 4.6147352036709535 10.043311903948815 10.186901786117309 14.339215320232835 13.881787781118108 11.385218574976943 5.850444427562747 11.198411717739262 4.84223966775706 2.829403117266962 2.829403117266962 2.829403117266962 2.829403117266962 2.829403117266962 2.829403117266962 2.829403117266962 2.829403117266962 2.829403117266962 2.882624151706219 8.467675123668835
12 6.377272928140993 5.2710911583845705 12.280714800043198 9.530229010889508 17.439023481835218 13.44192951179257 0.9875854393418325 10.026472610045868 14.480832158408576 7.079397785122687 4.928343433649891 0.0 10.962613283337143 11.88569716087365 4.938233287320476 13.24240691868363 4.384321726333504 16.957526765421896 3.617425603934379 15.729640332823887 6.087538500904944 5.458305323083347 5.292582828827528 7.1555072496644145 13.295666963338093 0.8136743820472657 5.891242653294803 4.480054017531485 10.231791876303975 10.957682236677607 1.8694523262174945 14.885722186041226 3.262992031862781 11.957885139103821 7.050685214927695 13.51876137077654 16.745850620377578 11.86313470377876 18.59456544262328 15.37842046505427 1.2556153869716633 15.386225560546029 5.6228784443557025 14.359934958069971 12.958678404837432 10.658793974929809 8.6882523559114 15.557169922579106 2.681282155984334 11.92325765049133 5.872579160811712 7.303815167431333 8.130155779565358 14.397042369875836 18.31605866446163 17.878472445933404 11.761322077045591 2.4349096492477904 14.491107480106551 1.3867631376698761 7.593720892948331 7.593720892948331 7.593720892948331 7.593720892948331 7.593720892948331 7.593720892948331 7.593720892948331 7.593720892948331 7.593720892948331 3.3143018872758105 12.974767705049674
13 6.68579299709466 9.772256648287538 14.760275132937055 15.209867487917178 9.154707313726638 12.043941256914202 11.565745674188067 5.906942102306403 4.1939043861299465 9.277959958956494 6.104304792521422 10.962613283337143 0.0 5.1183517854871985 6.069979406884343 2.3073051380344127 6.602547159998178 6.369996232337975 14.186190256725023 8.015849112851365 10.77466922926175 11.642424532716543 7.392780058949407 10.883711223658958 7.024159024395731 10.403637056337558 10.12657029798342 12.234425282783004 9.78525038003627 7.693564193532149 12.628987687063441 5.238839279840525 12.770833684611196 7.8344945593190625 3.957880746055899 3.532531811604816 6.075171191003592 6.601941002462836 9.929127353398181 5.96922725317105 10.838976519948735 7.057372953160405 11.367613821730576 8.516521942671199 5.56798060341449 15.900676117700153 11.10634327760492 4.9087116435985525 13.402002387703115 15.865581647074903 7.552789153683558 7.8531656037549595 15.216157760748933 7.913015417652111 11.900557171830235 11.457603981635952 14.718734762200182 11.329985216230424 10.753510031612935 10.595915533827172 4.227681752450153 4.227681752450153 4.227681752450153 4.227681752450153 4.227681752450153 4.227681752450153 4.227681752450153 4.227681752450153 4.227681752450153 8.156058668253925 5.764138530604551
14 5.652470698729892 8.34713274124714 19.057812072743292 18.68136360119357 5.567562572616495 16.915565967475047 12.75925272106482 2.2678910908595236 4.3122547466493675 6.938906253870274 8.181718645859194 11.88569716087365 5.1183517854871985 0.0 7.42520875127427 6.047537184672782 8.388900285496305 9.837323060670519 14.20708756219937 12.973625322168049 14.045597317309078 10.076372760075918 10.476747014221543 14.47598304088534 1.9850846329564888 11.122334512142674 8.347042170733296 11.178993022629543 14.323012602102953 3.2365223620423196 13.058584341344202 9.808330337014551 14.604120103587206 2.947303852676205 6.705320648559621 8.20302578320951 6.50116989471895 11.659585755934899 14.489788990872158 3.934679783667281 12.302422078598994 3.509043174428038 9.709021217403945 13.633723225883676 10.675026978888624 19.548740419781527 15.105441469880978 5.600636124584422 14.565889502532963 19.871109682149104 10.925531794837266 11.772419674816218 18.22297939416055 13.017033148916845 16.915381402735203 16.483053357918852 18.902335146748403 11.159486905767666 15.830087207593015 10.961447395303232 7.992969035346002 7.992969035346002 7.992969035346002 7.992969035346002 7.992969035346002 7.992969035346002 7.992969035346002 7.992969035346002 7.992969035346002 8.573421370724759 10.875272594284706
15 3.0768402623470723 4.897045027360887 12.78191879179335 11.565827121308704 12.961880419136724 12.107979393771695 5.640308590848553 6.0253900288695 9.56680678178461 5.55343290226865 1.115028699182223 4.938233287320476 6.069979406884343 7.42520875127427 0.0 8.370825108673577 1.0130967377304103 12.249625055486394 8.129258022722615 11.97113549334398 6.983595420698425 6.505341266989764 3.687243007993913 7.6533966315617015 9.121557103915976 4.338859066621085 5.5022271854222815 6.651633182910795 8.918508003023824 7.492779724508121 6.559600597597388 10.444828624730997 7.23838082722925 8.327099434977344 2.3364695589713986 8.92479271467971 11.812270103582968 8.614539163530456 14.612986689927558 10.598206829459405 5.028225333057381 10.82347157801045 6.354765928025989 11.192898105495289 9.087301579676994 12.534222951583397 8.687094163182532 10.62250911978898 7.497596548227971 13.177580088923762 4.351424824123703 5.727746502770526 10.890159824355196 10.989478104077554 15.181913878032638 14.721629835042043 12.470191538224263 5.376450222963102 12.201363858192247 4.538491819977204 3.528877583595101 3.528877583595101 3.528877583595101 3.528877583595101 3.528877583595101 3.528877583595101 3.528877583595101 3.528877583595101 3.528877583595101 2.2120074593002617 9.165859315961598
16 8.86347070847532 11.977609986971524 15.89424817347458 16.83256106479344 8.634600453987433 12.6099209355174 13.818045013676862 7.464079849519296 3.167392776401437 11.332992985085626 8.35015652547903 13.24240691868363 2.3073051380344127 6.047537184672782 8.370825108673577 0.0 8.86697298969609 4.184790197847438 16.492040049672447 7.118175608960487 12.578540217370218 13.855207324323949 9.380141683364917 12.545900724938006 7.657376117182699 12.698539167951564 12.291393940477215 14.50178778633862 10.845137712357552 9.079591455566709 14.926932069249863 3.7811947847208294 14.923014775842043 8.981319836193343 6.203136384120537 2.303611512386583 4.293966464703701 6.971195162954484 8.442261841473526 5.280906835004761 13.069475467668932 6.801100646218964 13.566087313591934 8.271799139244134 5.342845402966475 17.42611448372815 12.5402127573658 3.278052623128555 15.642055651352223 17.187000029091756 9.433297249636523 9.464216238019922 17.02824207016097 7.532915106384779 11.079267575070114 10.66987956820507 15.939814929916848 13.635228564274236 10.861531061503255 12.901229437538115 6.182939430400398 6.182939430400398 6.182939430400398 6.182939430400398 6.182939430400398 6.182939430400398 6.182939430400398 6.182939430400398 6.182939430400398 10.463113303410223 5.56603449504223
17 4.016422413043728 5.426733179363068 11.843054715739516 10.553478004904354 13.90290476842879 11.386354113587018 4.9650049345393406 7.0365737401096 10.310478795865883 6.326182102974906 0.5810955171054065 4.384321726333504 6.602547159998178 8.388900285496305 1.0130967377304103 8.86697298969609 0.0 12.59050265080787 7.793448081561846 11.848266117875646 5.978489775854769 6.86563908168788 2.776914114624361 6.671890062043888 10.114861986206238 3.9078460819228793 6.075804555776955 6.799929190807799 8.152687532341712 8.501117397142565 6.135440733965247 10.61387770798213 6.375785755497121 9.339919057465114 2.6673681785610324 9.180244005471751 12.502600129573047 8.286818689943688 14.587343041143578 11.450217508851086 4.267276063251591 11.751307331526991 6.766928771606807 10.870720721276948 8.984764048098315 11.52526008383325 7.75499129593322 11.311227210166013 6.808702152392921 12.191710298395382 3.472892310452485 4.924254359799055 9.886384677929541 10.73936310960757 14.878427873938833 14.422073359957645 11.513911325001596 5.271678670025326 11.664601364813116 4.262089745652947 3.4085295950013403 3.4085295950013403 3.4085295950013403 3.4085295950013403 3.4085295950013403 3.4085295950013403 3.4085295950013403 3.4085295950013403 3.4085295950013403 2.3499093599541236 9.039583729353913
18 13.029359155384427 16.133121830569557 17.115031814168503 18.941906371851804 10.673812158736915 13.011819280946074 17.421598233227627 11.526167142636792 5.845788398496819 15.51732596164687 12.032872682780285 16.957526765421896 6.369996232337975 9.837323060670519 12.249625055486394 4.184790197847438 12.59050265080787 0.0 20.35783706585746 5.624798040818888 15.193468103102727 18.006945798774424 12.488363743901761 14.897701097820429 11.115559275178194 16.493613915694766 16.46440967663281 18.597022611160096 12.260971291051945 13.019747847020692 18.724840453258874 2.7566742643990425 18.21934293546285 12.76995634291676 9.955243844326466 3.4984598039708845 4.966768466518245 7.842577191204433 5.3946656986323065 7.664260564464129 16.61278206683035 9.442945356190515 17.726038248858654 7.786306569869954 5.769916810492159 19.32682025062581 14.479522126092421 4.90621503809199 19.183076082839268 18.70481288331963 12.348046809111148 11.921848262748526 19.513835835119654 6.960173345542481 9.075638875583362 8.77462346770504 17.319325535366556 17.60486537863894 10.618793245939013 16.777219376285213 9.466713104346196 9.466713104346196 9.466713104346196 9.466713104346196 9.466713104346196 9.466713104346196 9.466713104346196 9.466713104346196 9.466713104346196 14.41813639136487 5.945978220612652
19 8.566009222502625 6.181300995745152 14.95967446169869 11.554388819838113 19.594497697057715 16.743892289429002 3.6722212623969166 12.091664112106324 17.360044815610355 8.053792957358663 8.366335219198428 3.617425603934379 14.186190256725023 14.20708756219937 8.129258022722615 16.492040049672447 7.793448081561846 20.35783706585746 0.0 19.344053272259153 9.130216700604647 5.173750380526684 8.900869451913112 10.215557742972235 15.288911537450927 3.894552349115365 6.521185475049763 3.7244838568585585 13.618900432854335 12.551028961802297 1.7501234242189896 18.398623236535936 5.045610468516173 13.590537774495902 10.402678597361357 16.971594179687425 19.693362866712228 15.47827668056105 22.19905043014228 17.968651813644787 4.526906449221146 17.690655301599207 5.5216245797772245 17.965171304499158 16.561559407253895 12.68448930781212 11.788856984457823 18.522673889047446 3.174667541649047 14.235495811526903 9.457983823204605 10.841833239816964 9.782089602942715 18.012770164524945 21.90724138270266 21.472934894885704 14.370170667044981 3.051197305976787 17.988541352761207 3.591467666567528 11.12835410112385 11.12835410112385 11.12835410112385 11.12835410112385 11.12835410112385 11.12835410112385 11.12835410112385 11.12835410112385 11.12835410112385 6.059064696799334 16.582167077918374
20 13.951478953860054 16.711756610242983 12.288100300697419 14.898099207617058 15.510321241031727 7.7910005775895055 15.88394535372116 13.914898490466971 10.104383454719045 16.74086813758474 11.277255783212512 15.729640332823887 8.015849112851365 12.973625322168049 11.97113549334398 7.118175608960487 11.848266117875646 5.624798040818888 19.344053272259153 0.0 12.078106225729263 18.441941600601602 10.512074676294874 11.446041280722344 14.720813190853281 15.517493257610909 17.224513490952365 18.604762105439566 7.995521996717913 15.709307591361242 17.598974089417826 3.510904441878189 15.97519132905769 15.811475389728816 9.76097787109468 4.825301026879049 10.157540056529436 4.0403616174793076 2.976464513479036 12.209949917997207 15.001394101882665 13.851325496139351 18.256036398955825 2.473297596327624 2.884674158375604 15.03557148897241 10.55189082581885 9.668056319653914 17.382462339956327 14.066649423370158 10.06946656978412 9.020749026549847 15.904034833965877 1.7910002791736248 3.963035452781113 3.552065596241151 12.618233949329044 17.10595083589334 5.165617581664366 16.018156604303755 8.467041277801828 8.467041277801828 8.467041277801828 8.467041277801828 8.467041277801828 8.467041277801828 8.467041277801828 8.467041277801828 8.467041277801828 14.123837580487818 2.810478251116703
21 9.948298598252869 10.50040518265843 6.2720498244194465 4.637625470000785 19.359472745919504 7.676040646062266 5.558295602070836 12.955059629349453 14.9518936927735 11.90112498884034 5.987459227418588 6.087538500904944 10.77466922926175 14.045597317309078 6.983595420698425 12.578540217370218 5.978489775854769 15.193468103102727 9.130216700604647 12.078106225729263 0.0 11.275634793660178 3.5748823756873453 1.0870607158756127 15.896912939309946 6.498564226042549 11.188690048437305 10.50678318992069 4.768215808874426 14.476072844525202 7.563814447750553 12.586282215173789 4.415740934429918 15.29480970787149 7.401884152025077 11.785310348056175 16.78681893629642 8.068459084608412 15.050823266519343 16.523747062939446 4.8514765793519 17.174613474544337 11.350557034789086 10.071246248602998 9.85371427432316 5.557528227548646 2.6587986008722053 15.652325482176762 6.241236816529236 6.278537727847147 3.2379773007234007 3.2739873243493163 4.452391941417557 10.405093560367442 13.658536524825783 13.27254685431549 5.814280522988206 8.45873418426185 9.302023704549457 7.2455669895460915 6.554434987090802 6.554434987090802 6.554434987090802 6.554434987090802 6.554434987090802 6.554434987090802 6.554434987090802 6.554434987090802 6.554434987090802 7.3832660794529135 9.767733513973443
22 5.001458687223158 1.8791947743648074 17.546794721543876 14.987587464298581 15.08290492577607 18.021549877854568 6.342311408311642 7.817312197936066 13.871897959543965 3.226642217538226 7.371140481635117 5.458305323083347 11.642424532716543 10.076372760075918 6.505341266989764 13.855207324323949 6.86563908168788 18.006945798774424 5.173750380526684 18.441941600601602 11.275634793660178 0.0 9.280890690014616 12.280740083561739 10.755001301720052 4.843428640952604 1.7294684154386857 1.4505092209289814 14.744769716750408 7.806626480112905 5.0584358254306245 16.611760894017227 8.598651289591874 8.828257359184768 8.687473338088584 14.977045102422572 16.233490382539426 15.103552032551814 20.997638843450943 14.003121830506226 6.674994007487946 13.38276443788801 0.38733060813728637 17.686631929228355 15.558254561486 16.114317236544647 13.712960657713563 15.141612892951661 7.310239736150928 17.332773580705425 9.995905211635412 11.535556380166499 13.558343630399696 17.49480494318242 21.682748349782596 21.223091198032392 17.069725071013885 3.081252342798298 18.513347212214217 4.111543384180689 10.033296267927106 10.033296267927106 10.033296267927106 10.033296267927106 10.033296267927106 10.033296267927106 10.033296267927106 10.033296267927106 10.033296267927106 4.526702331720079 15.647460944191552
23 6.761894483057245 8.049856706799195 9.095681008038925 8.205584074275272 15.790207756707954 8.751313044337977 5.37270900012275 9.475878112343995 11.512863457889178 9.088983221461023 2.591371065671607 5.292582828827528 7.392780058949407 10.476747014221543 3.687243007993913 9.380141683364917 2.776914114624361 12.488363743901761 8.900869451913112 10.512074676294874 3.5748823756873453 9.280890690014616 0.0 4.051953726290566 12.344192359162264 5.232120507021985 8.723000687836727 8.926834209281585 5.480660726591275 11.07890215680236 7.1511462717525225 10.10775959350043 5.742142457306332 11.844846474311096 3.832202108448875 8.992117659372568 13.463735959977827 6.583281248739112 13.42723608938191 13.000520181900416 4.489426355337617 13.605864176890787 9.245156407546602 9.067352700761122 7.83158687623396 9.081942523491325 5.0002129954632935 12.301441582188652 6.916046920025918 9.560771726173572 0.7213910174101145 2.2550221728399924 7.903065860790988 9.118505359980878 13.02931909195565 12.589585060676146 8.794651215369488 7.075304657751494 9.357138077425171 5.859239285094952 3.199426511111015 3.199426511111015 3.199426511111015 3.199426511111015 3.199426511111015 3.199426511111015 3.199426511111015 3.199426511111015 3.199426511111015 4.829526891942936 7.8197397654909215
24 10.683110127673496 11.432681662672149 5.303225433639419 4.326843306615113 19.6783586713933 6.622970104114921 6.643708076067159 13.527532110477505 15.07757434072205 12.762873069963518 6.600905468191466 7.1555072496644145 10.883711223658958 14.47598304088534 7.6533966315617015 12.545900724938006 6.671890062043888 14.897701097820429 10.215557742972235 11.446041280722344 1.0870607158756127 12.280740083561739 4.051953726290566 0.0 16.370040073255776 7.5395507823742385 12.122027883155523 11.551008960259704 3.838857251839406 15.114139208039603 8.650310977068974 12.230107971722898 5.451576377526045 15.893769376708597 7.775634379264497 11.563221566674228 16.806226375959593 7.501488185686891 14.402169975389127 16.742863434908617 5.926744975110705 17.495433261282788 12.341760085174236 9.331481768722478 9.392173017997484 5.08776109895109 1.5737766677645209 15.698634972506369 7.303003902504776 5.525110768120401 3.5504515205815723 3.0823951725890044 4.617690873152944 9.727399498324306 12.795702598919686 12.423319081469332 4.895275783855289 9.507988273026003 8.363854613753158 8.284914724968507 6.729379243288343 6.729379243288343 6.729379243288343 6.729379243288343 6.729379243288343 6.729379243288343 6.729379243288343 6.729379243288343 6.729379243288343 8.26731788429597 9.28550187119684
25 6.925705307042742 9.19796858007245 21.019065726144916 20.534118851316702 4.334280563138479 18.896026698753364 14.212953563563065 3.270441713285837 5.300095470838237 7.528901447090405 9.963917552850384 13.295666963338093 7.024159024395731 1.9850846329564888 9.121557103915976 7.657376117182699 10.114861986206238 11.115559275178194 15.288911537450927 14.720813190853281 15.896912939309946 10.755001301720052 12.344192359162264 16.370040073255776 0.0 12.50484266194501 9.054483309388782 11.999372816943394 16.305293158971413 3.041295776474232 14.29734646708962 11.436702365629701 16.1719159347308 2.1795093484543724 8.623680536754595 9.904989904083697 7.094306801936324 13.604513405484225 16.03939998877763 4.0720903722781 13.833168328333173 2.79010483674001 10.371434712709712 15.513209983752557 12.539173896234152 21.426075818964144 17.045724537255666 6.454617571940261 15.969873700189364 21.79837326499388 12.822906456806116 13.71998206995913 19.996103745480017 14.870966377475272 18.67990880598725 18.256571775664785 20.85249349598268 12.283931170435627 17.76934134963927 12.253867307915488 9.958730089725295 9.958730089725295 9.958730089725295 9.958730089725295 9.958730089725295 9.958730089725295 9.958730089725295 9.958730089725295 9.958730089725295 9.996014455771862 12.74489329104014
26 5.581370799364615 4.504047069025811 12.74973889928731 10.172339603060841 16.66697915040395 13.649751096631764 1.7953453706738436 9.234585697257891 13.819200338659254 6.286108891834439 4.47648355296878 0.8136743820472657 10.403637056337558 11.122334512142674 4.338859066621085 12.698539167951564 3.9078460819228793 16.493613915694766 3.894552349115365 15.517493257610909 6.498564226042549 4.843428640952604 5.232120507021985 7.5395507823742385 12.50484266194501 0.0 5.140201747013438 4.011519662172928 10.402674127357832 10.146094125327242 2.233528598428953 14.504432322569539 4.044144532530953 11.14803771970655 6.545308243314443 13.087727266412605 16.10497168578697 11.726223987285932 18.342351703094128 14.65976977991128 1.8555355022203162 14.62737382444299 4.972857930807998 14.259676924811446 12.706581916471478 11.291775989630684 9.033914157218897 14.919474588603984 3.4650950924902473 12.489516603936279 5.868492140235002 7.3594104383435495 8.842539510796657 14.250229085877884 18.243289971932146 17.799429232422035 12.253957115968703 1.9768553310750887 14.550335872412017 0.7473325899490804 7.236098741725406 7.236098741725406 7.236098741725406 7.236098741725406 7.236098741725406 7.236098741725406 7.236098741725406 7.236098741725406 7.236098741725406 2.5520824829930557 12.736134617693077
27 3.4407862473568454 0.689360573285128 17.425252939340652 15.23585852520297 13.38723272375587 17.446228732880925 6.861169360976305 6.087979057125608 12.176037122151033 1.5583571477681237 6.503649821446416 5.891242653294803 10.12657029798342 8.347042170733296 5.5022271854222815 12.291393940477215 6.075804555776955 16.46440967663281 6.521185475049763 17.224513490952365 11.188690048437305 1.7294684154386857 8.723000687836727 12.122027883155523 9.054483309388782 5.140201747013438 0.0 2.9657471234075232 14.191933659653289 6.145504047675829 6.017491836305223 15.199506077501333 9.151532385343996 7.177741497156331 7.485181226930982 13.536452157046174 14.533503672549163 14.082857700055056 19.681116330127214 12.274696085850762 6.9795823657293425 11.661288307901492 1.3649710619643183 16.647406524741324 14.35479355476769 16.336973924200283 13.45471133097994 13.453067010908704 8.155612668585972 17.403642061361758 9.443744702182498 10.954430701775422 13.977414675110701 16.3920136956995 20.61015344435844 20.148150808448896 16.99793237426247 3.8630036241246266 17.695274171371295 4.511496869111182 8.956064146710876 8.956064146710876 8.956064146710876 8.956064146710876 8.956064146710876 8.956064146710876 8.956064146710876 8.956064146710876 8.956064146710876 3.912426996124017 14.460812044971748
28 5.799307717305576 2.8330778316170564 16.743546338813648 13.953208842413273 16.33365041869086 17.567913393456834 5.26411483537356 8.950384852060832 14.789053789881216 4.5228072034965185 7.353150685250506 4.480054017531485 12.234425282783004 11.178993022629543 6.651633182910795 14.50178778633862 6.799929190807799 18.597022611160096 3.7244838568585585 18.604762105439566 10.50678318992069 1.4505092209289814 8.926834209281585 11.551008960259704 11.999372816943394 4.011519662172928 2.9657471234075232 0.0 14.29864248801263 9.110938700265741 3.7488611604059168 17.021685374838768 7.444810071452461 10.14348781238485 8.951731117499005 15.43540932401859 17.15530090088775 15.081885724272013 21.264294674406674 15.074713264271397 5.7339251826301325 14.562714616444286 1.808967108600928 17.663445869931497 15.725027503950509 15.08907290061255 13.041537524387223 16.032652806070494 6.014444113964315 16.398295795600223 9.619773905867019 11.154477845242239 12.430994690691488 17.53868561209762 21.67232661714012 21.21717457627193 16.234114604745155 2.052848021651871 18.270509571437792 3.2673444875005138 10.13830838947011 10.13830838947011 10.13830838947011 10.13830838947011 10.13830838947011 10.13830838947011 10.13830838947011 10.13830838947011 10.13830838947011 4.482108543977934 15.794976954715699
29 11.932354880743365 13.523470893228557 5.0493640193592695 6.907543991897555 18.93872807239177 3.277210093967124 9.950195374966261 13.966277241985424 13.79682314882669 14.45969245869358 7.814345909927458 10.231791876303975 9.78525038003627 14.323012602102953 8.918508003023824 10.845137712357552 8.152687532341712 12.260971291051945 13.618900432854335 7.995521996717913 4.768215808874426 14.744769716750408 5.480660726591275 3.838857251839406 16.305293158971413 10.402674127357832 14.191933659653289 14.29864248801263 0.0 15.748866784629298 11.942999832537888 9.505289159199734 9.161686416812136 16.34132093803925 7.967897150440635 9.291634194263139 15.104040519013445 4.427894533522676 10.8698585547375 15.728149573296918 9.122165148691401 16.822509265861616 14.720214978049743 5.690671401513182 6.496783280978365 7.124211254588118 2.611627079044786 14.12290497737629 10.925823218412424 6.463941986125804 4.759914810162047 3.2375306948351854 7.968873948055648 6.213087638203729 8.968203053009002 8.605037710550722 5.130458848875022 12.350825478485232 4.535097904125115 11.1037615698465 6.418445917821541 6.418445917821541 6.418445917821541 6.418445917821541 6.418445917821541 6.418445917821541 6.418445917821541 6.418445917821541 6.418445917821541 10.309434902069075 6.333123084229454
30 4.701239198339093 6.3779528063478175 20.10698873526317 19.048521858663992 7.308298023479886 18.64799048155055 11.921013589456226 1.8576202518275897 7.5423616990966424 4.591979202914578 8.514158149811406 10.957682236677607 7.693564193532149 3.2365223620423196 7.492779724508121 9.079591455566709 8.501117397142565 13.019747847020692 12.551028961802297 15.709307591361242 14.476072844525202 7.806626480112905 11.07890215680236 15.114139208039603 3.041295776474232 10.146094125327242 6.145504047675829 9.110938700265741 15.748866784629298 0.0 11.72406635941643 12.75235213597868 14.034810900044219 1.0395657747348173 7.781339344868593 11.083166921056453 9.668490730201896 13.819703506226174 17.472303339857625 6.857577998098162 11.674644748342452 5.80946959713191 7.419924662690316 16.0440559709819 13.182313378159387 20.026351864480958 16.027139763538596 8.821411224968486 13.576581086562255 20.63596067548104 11.669633498957882 12.823894728201726 18.26299737173501 15.514280808339134 19.581687491122924 19.134798065305 19.850342490748115 9.625968262985287 17.956336931568195 9.781938049282463 9.35694378523244 9.35694378523244 9.35694378523244 9.35694378523244 9.35694378523244 9.35694378523244 9.35694378523244 9.35694378523244 9.35694378523244 7.781542070823751 13.362349980448798
