param n := 36.0;
param numVehicles := 3.0;
set Origin := 73 75 76 77;
set O := 75 76 77;
param Ok := 1 75 2 76 3 77;
set S := 81 82 83;
set F := 74 78 79 80;
param t:
 1 2 3 4 5 6 7 8 9 10 11 12 13 14 15 16 17 18 19 20 21 22 23 24 25 26 27 28 29 30 31 32 33 34 35 36 37 38 39 40 41 42 43 44 45 46 47 48 49 50 51 52 53 54 55 56 57 58 59 60 61 62 63 64 65 66 67 68 69 70 71 72 73 74 75 76 77 78 79 80 81 82 83:=
1 0.0 17.43393679006552 33.16756319056316 18.462489647932102 8.247347452363094 20.371297945884546 11.262452308445082 21.505491763733282 9.826000203541621 37.83184610880098 23.708108317619946 32.03080948087326 13.9953163594111 12.491820203637259 6.403617102856791 8.327951248656538 31.76492411450089 25.817169480793204 33.32751703922751 15.16572187533452 16.701606270056782 17.19660292034447 19.356119445798015 36.38061307894632 22.73610916581815 23.276130262567275 33.5672014323506 37.25136604206616 19.938027585496013 26.47571815834275 10.642594608458973 24.359924630425276 32.35524909500775 9.488035413087369 26.94462603191961 11.373591341348606 15.088537238579491 24.487108853435515 29.057164348917464 16.615000932891938 8.312043310763004 13.529135966498378 34.67203974386278 24.23195790686341 20.53355906802325 10.021131672620614 10.974676487259202 17.11677691623046 28.974628349644107 14.94364948732404 36.65837710537661 23.854102288704976 11.207186979791137 28.714193354506754 16.44790515536857 14.874421131593659 19.57261290681446 8.62331931450993 19.995338056657104 21.094851030524012 19.27180738799555 4.348088315570418 13.965493045360052 14.46816436179794 25.46722796065563 29.815980748585147 12.410769839135686 25.76823571764276 16.884972016559576 4.876238714419137 1.9392049917427503 35.092494126237305 13.287963877133322 13.287963877133322 13.287963877133322 13.287963877133322 13.287963877133322 13.287963877133322 13.287963877133322 13.287963877133322 13.287963877133322 10.525112065911697 22.324022576587762
2 17.43393679006552 0.0 17.794922646642778 28.4877035227482 14.790938983039583 25.760046350889976 25.509689610028577 14.085324277417259 14.259928751575163 23.878141049922625 12.636325098698592 18.83446680954892 9.844386420696823 7.5281437287023145 16.457958561133882 9.161707482778523 15.483884913031355 19.415666457786095 19.818063073872786 21.274315970202192 18.94471335227852 27.040417896179047 11.31691159283309 23.73211579273959 9.405972783290412 19.65375424696259 19.889255893572287 23.598066530968165 12.813907756808616 17.944467336758706 24.182749636879592 9.306412412954844 15.35587158060395 20.68780993725532 10.6093309873903 25.3738247018458 20.42657337881222 8.113944786600412 17.65771106344194 6.788930401764331 13.980943888021296 12.934878430043321 21.336006092987507 7.095916572226592 3.497237767152814 22.731063855438002 22.91528860826326 19.56724007109843 18.306594440255672 22.26322896616751 22.68652965969013 18.704528756426875 10.95320263667207 11.280909360508131 3.7423511326437557 15.55871370004603 26.71213536952821 12.800435148853339 25.81907418944374 12.181720239769096 7.412882300428087 13.091558501568864 19.689868359133335 25.948365728885513 11.156550183636519 14.767994718308916 6.4977596138977 8.334310049428208 8.109853759470635 12.632684591962233 16.29845207374001 20.293974278095458 4.2290660907581 4.2290660907581 4.2290660907581 4.2290660907581 4.2290660907581 4.2290660907581 4.2290660907581 4.2290660907581 4.2290660907581 14.916199247797678 8.323280603223706
3 33.16756319056316 17.794922646642778 0.0 46.28193690847434 27.137172218195463 43.2991207762929 37.54521966908704 29.387097304769657 25.738339495779442 29.123306199674513 10.975589642474795 27.099032971676316 19.922313921831467 20.69157287399873 29.53171705133313 25.22110267216721 3.465729937545625 33.81474163733918 27.225812751872073 29.08765346328232 25.102535728487666 35.38487631743256 27.255914587479904 31.097188554594446 10.505292570890159 35.40356162874012 4.622446538360394 6.965848117781493 28.676779177585477 13.307284771883406 36.03703433969005 20.182571689455237 6.416115959051863 38.2641540870826 7.337097518774027 42.70543576642205 38.155679891727786 17.55200284867798 28.609445712910972 16.59604290184862 31.621844095498286 22.058483719421876 5.940056902084356 15.408478964518205 14.354239791782774 34.454515988473844 34.08152115149792 37.02834292808686 29.770235067933207 30.494942072415878 5.819854637359939 33.94566275682359 28.747532763699915 11.71352875951564 17.009077106063103 33.11208969545716 44.41133774161729 25.57950718837249 43.4107906401162 27.31239022861236 13.946192025065479 29.19634497672611 37.45879042361085 43.653521873956514 21.799570362738805 3.35967438898474 20.80035711231901 12.540960888225433 16.564227721206926 28.973804030537654 32.60217029585607 25.211532757847152 21.576945103512685 21.576945103512685 21.576945103512685 21.576945103512685 21.576945103512685 21.576945103512685 21.576945103512685 21.576945103512685 21.576945103512685 32.70370865819349 10.844194760331446
4 18.462489647932102 28.4877035227482 46.28193690847434 0.0 26.45435646542928 6.834287673196088 27.205162230723783 21.411866336216466 27.894492431302634 38.194822895256365 39.19137971544252 32.82505299310269 30.477293383763595 27.852730566319703 24.852305567089743 22.68122201293396 43.86687132677689 21.860654427532584 34.14683077534429 33.58005580698162 35.086812793412854 34.624976707573396 21.614920494880383 35.359888065433694 37.00050421278067 18.01007817861988 48.06566791380309 51.82907573939555 20.844684406342065 43.18005836031258 27.32771223501887 29.959891922368477 43.23533855539933 9.21734994453395 39.060835884553214 8.289514340418261 8.639137919954745 31.646977359615246 28.807600177730876 31.517836537427502 14.97884174427382 31.087306541416545 49.42269535345072 32.760349021339806 31.949796932062025 27.36603917266801 28.48306514404656 11.077335419675618 27.96874720111718 33.23892477201992 50.995447639960965 19.79738912079065 17.534536549336 37.8740169509388 29.82419319948152 13.97468597142705 4.376384352407818 26.26060166865946 6.224508012686624 22.719853696712047 33.860156703712995 19.860273210608156 9.02937650117659 4.116147713578801 29.80849181022079 43.20593292593044 27.050623726635212 35.365667984642954 32.333978227245716 19.61911200844727 17.37850281238289 37.21484633852463 24.86700762054011 24.86700762054011 24.86700762054011 24.86700762054011 24.86700762054011 24.86700762054011 24.86700762054011 24.86700762054011 24.86700762054011 13.587055162911499 36.168053140858994
5 8.247347452363094 14.790938983039583 27.137172218195463 26.45435646542928 0.0 27.432959155001853 10.956799715245323 24.15230812986618 1.644867167889249 38.12313397400586 16.737892937881995 32.65266237230894 7.220013573394444 7.521893910445693 2.455303647209444 7.397851039322163 26.400109393712743 29.256655242867392 33.804016625247364 8.266390990027027 8.677962894596865 12.754432798051036 21.45327732538784 37.4126823951451 16.700620826783656 27.60174813304404 26.74364103857214 30.276953941901088 22.511700513288638 18.66013204669249 9.537801843192172 23.63290155693964 27.660758413319037 17.273116337244996 21.94842326910979 19.62092760294477 21.736023555379216 22.859871040756115 30.502784463061726 10.93188016765643 13.567099763766757 5.622634613773155 27.677897318979994 21.835025532387178 16.892851624281793 8.017976053843014 8.126941368067078 23.024046212601295 30.76467409221167 8.668676946339621 29.82447129455944 27.64241508985783 14.528560148892938 25.345508320015995 12.19185121300289 19.796291571908107 27.03337204271787 1.990509482519488 27.15148533690192 23.058576712364534 13.406014918684821 7.172933848851529 20.61069101219074 22.5657531671336 25.225397519167068 23.80597740064457 8.319197317049284 22.490681625953446 10.64101818436563 7.716489616399416 9.075999559277204 34.789909169182955 11.754481188040586 11.754481188040586 11.754481188040586 11.754481188040586 11.754481188040586 11.754481188040586 11.754481188040586 11.754481188040586 11.754481188040586 15.984737345355414 16.638023560507417
6 20.371297945884546 25.760046350889976 43.2991207762929 6.834287673196088 27.432959155001853 0.0 30.672960404890816 15.984741849651497 28.635825463918447 31.928315959348684 37.59041925810352 26.79504625859041 29.914983870963393 26.942804159923668 26.35568075387164 22.05210647534607 40.561368418730645 15.46003686929627 28.07429037393465 35.30243102110675 36.05204349270648 37.472422766615985 16.87374587932389 28.940239183531297 34.90963190868675 11.643620914475015 45.64929493431415 49.351683456595474 15.80031050327809 42.15914723995257 30.48282007951364 25.288877001559403 39.50258102959856 11.16968629819119 35.96499748366458 13.115365644921988 5.832528096803305 27.315739784966468 22.741411477742535 30.072893109908797 14.180024964717093 31.19359479123879 47.092477191160796 28.780448432920565 29.03430694884932 30.184058110201153 31.219578600615353 6.282934346306667 21.793174436047632 35.23207095814835 48.422240509914445 13.530321799572986 15.31669585778865 33.793543170256655 27.858720501846456 10.209802740503854 2.4650882337149715 26.74577260054381 0.6247463485287456 17.622928020053877 32.103739657553916 20.304275904350785 6.9024546358523775 9.031752875272883 24.790563527277875 40.44794501578541 25.904115580347458 31.56749023916852 31.0928367956351 19.84982266923309 18.79492037759139 31.30051200859181 22.80050780136267 22.80050780136267 22.80050780136267 22.80050780136267 22.80050780136267 22.80050780136267 22.80050780136267 22.80050780136267 22.80050780136267 12.003630950674882 33.93580934647058
7 11.262452308445082 25.509689610028577 37.54521966908704 27.205162230723783 10.956799715245323 30.672960404890816 0.0 32.50893809400731 12.032225064384392 48.070246473260354 26.733361030742092 42.39126348671386 17.920829445089865 18.460890661070497 9.051776842145413 16.96763094836754 37.116894967117055 37.01803517206174 43.62812395691569 10.327367912493482 14.11233857303601 7.8679745805385 30.16018700207278 46.95621654264747 27.320611779387374 34.5383832858459 36.54874011508468 39.83559212563558 30.901073120524472 27.248578751927592 1.5107733119167814 33.89912388248404 38.53859924802664 19.510563702773943 32.80835271695304 18.970404002023784 25.897974052037352 33.43458861717907 39.74635137971786 21.81186832896256 19.56442567518914 15.48874584980979 37.27455995716113 32.60309739886687 27.817612406531225 3.0907047739957303 3.64357681406609 28.20332015915857 39.78921120102785 9.124601689936936 39.54915832227027 35.0885114531808 22.18285968940885 36.283988810493256 23.13267541811798 26.13593732774855 29.415710768227243 12.884755178116501 30.210465603826766 31.88122463143472 24.177885101885977 14.288288910852831 24.81618866788371 23.114604647278743 35.308295512527934 34.28200023335861 19.158665715545016 33.41054474264076 21.375063040842708 14.999489324640354 13.196770665583303 44.990948867522235 22.009007974009187 22.009007974009187 22.009007974009187 22.009007974009187 22.009007974009187 22.009007974009187 22.009007974009187 22.009007974009187 22.009007974009187 21.782479932275844 27.391904497497066
8 21.505491763733282 14.085324277417259 29.387097304769657 21.411866336216466 24.15230812986618 15.984741849651497 32.50893809400731 0.0 24.504166013149685 17.517888114724332 26.65250037050933 11.78248072351489 22.440539387456802 19.34177954584324 24.57394799375957 16.7634374756492 26.251196163222737 5.4218343759285 13.14482164200032 32.205968390967534 31.064453576395003 36.77213401476722 2.886137903843129 15.352542460452598 23.22404245604111 6.016853662837414 32.58645025159997 36.03812225962945 1.6429680459461171 32.023805457815286 31.60646269356949 9.713603244934395 24.612715412973028 17.869213748791523 22.23489239911001 22.758378237475533 13.029362685872245 12.1019438108099 8.051280643475296 20.511159499160453 13.461034135607859 25.023222814018183 34.1166678912229 14.026920688447625 16.335434123401804 30.566544979765055 31.214240660314008 10.335659630618647 7.659324252177862 32.788395081186884 34.98319533719011 4.68752941324105 10.333502020128511 18.62973161374044 17.52677722800173 8.321903868706968 17.922167949218643 22.49811769904318 16.33938676939866 2.0796740129164473 21.49559136195141 18.287771214666922 13.106816699717749 20.883528150195314 8.890950230430942 27.04514189276884 18.019475020099783 16.924648179504352 21.814983658027344 17.572693589771603 19.603849111845356 15.933585409442534 13.649806445514164 13.649806445514164 13.649806445514164 13.649806445514164 13.649806445514164 13.649806445514164 13.649806445514164 13.649806445514164 13.649806445514164 11.912229682137598 22.062031094167192
9 9.826000203541621 14.259928751575163 25.738339495779442 27.894492431302634 1.644867167889249 28.635825463918447 12.032225064384392 24.504166013149685 0.0 37.88340349018288 15.217927585581421 32.514634305186334 5.902572320607347 6.780716481316706 4.054415864215213 7.801483192316702 25.12566472752512 29.70828907897592 33.62845997068555 7.701831989857998 7.420605096621165 12.855560975702305 21.739903403649247 37.32437841411428 15.365327852017998 28.24370811348963 25.215017509412917 28.720518797542635 22.873402720190104 17.020743697030394 10.562046203269515 23.318819867223127 26.506775133916232 18.68942139286286 20.77612822447917 21.192050301941055 22.88747963407068 22.372401301603723 30.546829229888985 9.787855740661485 14.616385599730188 4.000816916580912 26.12252950998429 21.202894896688047 16.08122632139726 8.993997109183436 8.91573373312595 24.019199070743387 30.875052582951174 8.35905760238557 28.28863722415769 28.177928738642233 15.220914295797083 24.471547969019042 11.369974846058367 20.646690097930954 28.3298090357136 2.05283511271607 28.376760350681327 23.292472002773774 12.155040106885703 8.33294425758387 21.771846499550747 24.04809056869173 24.988163998181218 22.42478530554975 7.771794130057744 21.66622671348198 9.357991237439796 8.800513621374607 10.539061248517346 34.452619523049336 11.60964323310583 11.60964323310583 11.60964323310583 11.60964323310583 11.60964323310583 11.60964323310583 11.60964323310583 11.60964323310583 11.60964323310583 17.002582627354 15.377900246782719
10 37.83184610880098 23.878141049922625 29.123306199674513 38.194822895256365 38.12313397400586 31.928315959348684 48.070246473260354 17.517888114724332 37.88340349018288 0.0 32.813163517100875 5.846821358652923 33.69231989637994 31.332619807478597 39.302018523226 31.15705724230066 25.731313530404936 16.47573791974126 4.513326489408892 45.13472264232938 42.75551632245833 50.73896195233009 18.80043882466577 3.5439802482519553 29.211670270629853 20.287067900512383 33.6178928548474 35.880638177156214 18.70979390586652 38.15276010985313 46.93281155012983 14.597161504895395 22.71638430736723 35.37720288547414 24.601811071545118 40.274565273879745 30.28330497155157 16.04506777798087 9.51894468940754 30.21445064865486 30.44499098373984 36.806360156907665 35.038399278505864 17.945782457168036 23.410756587517625 45.647736986624 46.04854282167895 27.330806940154545 10.23608225836428 46.079669182840284 34.720250920752285 18.42764206294446 26.848449415189695 18.205077313760576 27.410903596926534 25.838356139661826 34.22093610642467 36.1815840449254 32.423949728557126 17.118723550545464 29.604239223462574 33.95628183414668 30.504263439722653 38.21505881193957 12.901052670228115 28.628628189279347 30.177472988969768 19.305381011521114 31.43404301072326 33.272630975022096 36.0626247519506 4.027295370344717 26.369420547293032 26.369420547293032 26.369420547293032 26.369420547293032 26.369420547293032 26.369420547293032 26.369420547293032 26.369420547293032 26.369420547293032 29.247945910781496 28.129172401618927
11 23.708108317619946 12.636325098698592 10.975589642474795 39.19137971544252 16.737892937881995 37.59041925810352 26.733361030742092 26.65250037050933 15.217927585581421 32.813163517100875 0.0 28.974764813540762 9.760971263147946 11.544808876720307 19.18826912465009 16.674559424464565 11.42953734846691 31.892700105196486 29.601276188705107 18.122200749357127 14.176918282899145 24.440116857331105 23.934376950319805 33.713791361993096 3.6915498100391377 32.28988943926566 10.006636397911139 13.590512573115113 25.436103160665155 5.539159864094917 25.22259185730126 19.80817629162261 13.85545610941769 30.399230516577223 8.886614203396027 34.256298982814826 31.931993298258096 17.459530921533947 28.953995233818766 7.673790197809684 24.221196997671274 11.339548491893316 10.995774643016292 15.209200636456867 10.56265913489591 23.649034652602626 23.210864783544793 31.621794572731005 29.840991404442313 19.52503060176859 13.09198426519067 31.306835611412403 22.28094971045893 15.068877197721136 9.771115801176444 27.592607778171313 38.18041351268998 15.438796455682677 37.55796938067871 24.683906092837088 5.496311490445205 20.24216470637466 31.02764244991875 35.99115252391899 21.79581840629069 7.94521163972364 12.17355855943528 13.508461496410314 6.966184034318932 20.207438828312707 23.544853280494234 28.81507841391378 14.799391338835525 14.799391338835525 14.799391338835525 14.799391338835525 14.799391338835525 14.799391338835525 14.799391338835525 14.799391338835525 14.799391338835525 25.891117859219598 4.867646659321113
12 32.03080948087326 18.83446680954892 27.099032971676316 32.82505299310269 32.65266237230894 26.79504625859041 42.39126348671386 11.78248072351489 32.514634305186334 5.846821358652923 28.974764813540762 0.0 28.67187562752043 26.121145763538014 33.71598226360905 25.55165434957197 23.6333075129149 11.586556520381713 1.364060115977299 39.917592161852646 37.775827720911686 45.34969746315845 12.954888035023691 4.901606675366762 25.29227692399401 15.216554800611076 31.327305022934862 34.048345921645 12.903237578220438 34.46326241086296 41.28689138213241 9.589347631617075 20.928126624234668 29.59499369825917 21.487749905469396 34.52662891160966 24.703833710580223 11.574046829004969 4.054410438029184 25.43424093618679 24.598198389312984 31.731220020667344 32.82625839172049 13.76828602259555 18.92316220931375 40.03648021492399 40.47983577041784 21.8319796628707 5.100762688069305 40.796649470269 32.89081294221838 13.292926840993296 21.009273476253288 15.475533205676628 22.500307642341248 20.096592746035334 28.997609073852967 30.741654997738816 27.252891296154246 11.279717726964623 25.16619105069339 28.21130588966062 24.858143776235586 32.61288199469652 7.6788134500064515 25.973534992372524 24.911291977735722 15.751073614201667 26.707121222625247 27.520737562790714 30.24638477570501 4.589485809979154 20.920210801997193 20.920210801997193 20.920210801997193 20.920210801997193 20.920210801997193 20.920210801997193 20.920210801997193 20.920210801997193 20.920210801997193 23.41809599433737 24.143388743090725
13 13.9953163594111 9.844386420696823 19.922313921831467 30.477293383763595 7.220013573394444 29.914983870963393 17.920829445089865 22.440539387456802 5.902572320607347 33.69231989637994 9.760971263147946 28.67187562752043 0.0 3.1791099383317976 9.611099000634631 7.901669950080174 19.224129941300333 27.84925851795699 29.662429570080736 11.631874827387028 9.104349949337406 17.714353050563265 19.556770694570204 33.56568009142672 9.48426591782411 27.131915081689314 19.72674742576687 23.349205725248982 20.907323118945666 12.762047641346589 16.43965023958843 19.147814287797967 20.637587843544118 21.388899176909504 14.902331898062128 24.83910247975961 24.089886093545566 17.747424038434424 27.289462288583113 4.02648034889033 15.843500623283985 3.1483887942882776 20.756100693531046 16.236690549493144 10.815296204912743 14.862393077832385 14.692399803980287 24.480930456173436 27.822995093986556 12.754327422486849 22.820890867799182 26.665803194353625 14.976591868646217 18.95407133045563 6.314063034211807 20.646714508608873 30.089731537519572 5.713064676686236 29.772460966470337 20.86097418626465 6.257060012497882 10.836868920495439 23.062024282356482 26.98070606933777 20.997087893324636 16.587161420809768 4.468131600568632 16.267368195255187 3.455945601423726 10.938715463892459 13.990281912813623 30.035126768502245 8.792717896077413 8.792717896077413 8.792717896077413 8.792717896077413 8.792717896077413 8.792717896077413 8.792717896077413 8.792717896077413 8.792717896077413 17.911780704329765 9.475858166941926
14 12.491820203637259 7.5281437287023145 20.69157287399873 27.852730566319703 7.521893910445693 26.942804159923668 18.460890661070497 19.34177954584324 6.780716481316706 31.332619807478597 11.544808876720307 26.121145763538014 3.1791099383317976 0.0 9.534572250499757 5.181210669332025 19.466271343017905 24.737253283256816 27.17448516531638 13.809423014738886 11.871631058957316 19.51259459938632 16.46440876557673 30.987686909480676 10.244711806585874 23.958462137624778 21.171343084462073 24.896491399392005 17.789781898606854 15.35742817010713 17.056558386732064 16.73549246362353 20.412038114798825 18.91238208158877 14.784207926027014 22.716030110915067 21.137159127943377 15.636259910861035 24.496385121074496 4.126443989684096 13.011638636236405 5.755762677525889 22.3441269240935 14.422219662728756 9.371488035525628 15.539552760617019 15.602256247094521 21.395209370324 24.96467464238218 14.753554148068865 24.249870102744882 23.515241015137395 11.864998777918183 17.825784919604523 4.672149398296249 17.52226925943098 27.225623592490955 5.576735245643279 26.825310809010208 17.81865135188407 6.780886372739187 8.734043965998797 20.13734044008791 24.515419637444513 18.49345051633145 17.335404004522076 1.3227925007347143 14.969445681119925 4.578641283175611 8.666517870517547 12.092242802722744 27.80581557875978 5.704676327365121 5.704676327365121 5.704676327365121 5.704676327365121 5.704676327365121 5.704676327365121 5.704676327365121 5.704676327365121 5.704676327365121 14.962330433458552 9.85978356760431
15 6.403617102856791 16.457958561133882 29.53171705133313 24.852305567089743 2.455303647209444 26.35568075387164 9.051776842145413 24.57394799375957 4.054415864215213 39.302018523226 19.18826912465009 33.71598226360905 9.611099000634631 9.534572250499757 0.0 8.165713930820745 28.711588810095478 29.491066172656424 34.912571145648954 8.9467781910585 10.314599555969199 12.249612238760868 21.996527180443735 38.39297279451019 19.066892877445973 27.54277211901518 29.194686160327187 32.731989612609866 22.932971721955266 21.0596160458827 7.7444961101417045 24.967273619680626 29.873965789630272 15.786045736662492 24.187059019235885 17.67690300929436 20.800702391986672 24.406792906893767 31.32843883758014 13.194003789600789 12.954730101395397 8.054973618827065 30.132895579416193 23.55142016949296 18.827674099580115 6.362017290136833 6.768182326149319 22.381823071412214 31.496143890959093 8.958513492762068 32.27682369750779 27.754967050962247 14.54335339596752 27.301577170559213 14.181348031833927 19.45048410708587 25.76075185238195 4.0257297475116225 26.02939937839519 23.663558227789835 15.72720267561908 6.61707669594361 19.665713208526153 20.871256885966407 26.45360414007891 26.192055054920754 10.137273795256789 24.407136743174114 12.994000461751568 7.283570552963704 7.614729148170669 36.1032568060002 13.038050467765492 13.038050467765492 13.038050467765492 13.038050467765492 13.038050467765492 13.038050467765492 13.038050467765492 13.038050467765492 13.038050467765492 15.384367390308903 18.955283168552242
16 8.327951248656538 9.161707482778523 25.22110267216721 22.68122201293396 7.397851039322163 22.05210647534607 16.96763094836754 16.7634374756492 7.801483192316702 31.15705724230066 16.674559424464565 25.55165434957197 7.901669950080174 5.181210669332025 8.165713930820745 0.0 23.591678024252534 21.918384703257676 26.75343155559675 15.483942262873496 14.83906331275664 20.10731817025831 14.055510663081579 30.23043056259702 15.017632569749468 20.47351117908211 26.106589666212628 29.859901205462815 15.12491256173073 20.50428501557662 15.785045327777807 16.939920306778305 24.05406019781276 13.7376226473142 18.723770667256105 17.673668775893702 16.220452521431085 16.637281508708085 23.202404789159246 9.070793791063712 7.941997985393852 9.29317964961401 27.338536171492432 16.11398212733277 12.205632306439515 14.492377168704932 14.932904339076174 16.814061020467367 23.416288091838982 16.026219017597384 29.15792489187116 20.376763629192936 7.55820110872951 20.432802646724703 8.260729507737194 13.16061092806865 22.188112583092778 5.763011018556186 21.893273213478153 15.666991542730852 11.624353229319901 4.05380068577625 15.177638815046299 19.33870750593224 18.34632039401907 21.90606582661524 4.547849161966567 17.484026996089888 9.725719510658324 3.7560857285211156 7.4302312211666734 28.024338350797866 5.169453742901662 5.169453742901662 5.169453742901662 5.169453742901662 5.169453742901662 5.169453742901662 5.169453742901662 5.169453742901662 5.169453742901662 10.05600576769922 14.433407497884899
17 31.76492411450089 15.483884913031355 3.465729937545625 43.86687132677689 26.400109393712743 40.561368418730645 37.116894967117055 26.251196163222737 25.12566472752512 25.731313530404936 11.42953734846691 23.6333075129149 19.224129941300333 19.466271343017905 28.711588810095478 23.591678024252534 0.0 30.538047940233508 23.764753144099775 29.32684210753009 25.503040446189942 35.68529181609701 24.239742325363114 27.649493376913796 9.810926154038668 32.26400650880173 7.890568547322809 10.424400798127438 25.626262856686694 14.985198030056194 35.62368672667106 16.88651307997006 3.161281385767486 36.15673685497628 4.912801644683001 40.76054425544389 35.58179062385703 14.28120359073422 25.180495388296077 15.530231807671127 29.45813469994324 21.712598831093434 9.310962141476036 12.224996850715343 11.986722821522152 34.04024588630347 33.77880104444206 34.27860673948111 26.351269039649683 30.696559416325474 9.272496966836925 30.753218628299702 26.3719573031658 8.270006045947005 15.339338316889682 30.432606329396105 41.785677211216765 24.694932273646753 40.704295842085266 24.187697534077113 12.994120670518647 27.632428268250333 34.94407703746087 41.42914471721569 18.44263169940776 3.7746523018683455 19.36415874754181 9.328789417711175 15.77215483058672 27.337405070708524 31.02182522031868 21.796248943338853 19.500229434547688 19.500229434547688 19.500229434547688 19.500229434547688 19.500229434547688 19.500229434547688 19.500229434547688 19.500229434547688 19.500229434547688 30.35158888756897 9.762118007891525
18 25.817169480793204 19.415666457786095 33.81474163733918 21.860654427532584 29.256655242867392 15.46003686929627 37.01803517206174 5.4218343759285 29.70828907897592 16.47573791974126 31.892700105196486 11.586556520381713 27.84925851795699 24.737253283256816 29.491066172656424 21.918384703257676 30.538047940233508 0.0 12.787655297199718 37.40146670920807 36.404768753557555 41.73745157529386 8.306489029668311 13.507239540335396 28.393825032918688 3.851038301549337 37.29458303829123 40.620273361955604 6.948156590060417 37.314501470607915 36.222308319597744 13.652067682223086 28.566610439462362 20.575895800669286 26.878002455539733 25.044756177691166 14.517783990678469 16.26537979882425 7.592730207244295 25.916619841329616 17.52751300099361 30.392603573896068 38.83474470110497 18.434447103181586 21.444542242724605 35.28482744750214 36.00488039141361 11.411252166173528 6.48758321719267 37.92184051440542 39.530595998542694 2.1967111781023934 14.978816508656484 22.5274734491021 22.917429873351853 11.29261440057173 17.78227724449262 27.679696313362978 15.96617148849404 7.234202374830275 26.82656891963637 23.02309553470167 15.00269322488466 22.34816547280783 12.229843007986652 31.716810747614584 23.416251621470078 21.275865857821156 27.224195855892606 22.316070801106545 23.88042855561851 16.17201162502674 19.056554987720105 19.056554987720105 19.056554987720105 19.056554987720105 19.056554987720105 19.056554987720105 19.056554987720105 19.056554987720105 19.056554987720105 15.5419525156912 27.21676483346248
19 33.32751703922751 19.818063073872786 27.225812751872073 34.14683077534429 33.804016625247364 28.07429037393465 43.62812395691569 13.14482164200032 33.62845997068555 4.513326489408892 29.601276188705107 1.364060115977299 29.662429570080736 27.17448516531638 34.912571145648954 26.75343155559675 23.764753144099775 12.787655297199718 0.0 40.98187560373488 38.76037280522467 46.47546432258638 14.303012270147851 4.112725616911489 25.933766174622615 16.469316925725852 31.536058155704875 34.146771443285814 14.266080050245058 35.057187622511876 42.50952782612388 10.521119712273975 20.96471397372261 30.95870436565458 21.883681774326732 35.89057575464623 26.053139925928313 12.3250653547963 5.344684087951317 26.341561077506398 25.93912781879915 32.74284117177372 33.01852964624561 14.43830599481809 19.720256590622746 41.24464542216359 41.67112731856435 23.169462402049813 6.309342913489488 41.88383311016316 32.9856648257997 14.55434354411081 22.33543158302521 15.722457950333338 23.445602402156357 21.460091798498908 30.294010629165626 31.880718247868884 28.539198166732014 12.634695247610843 25.964408870605933 29.476885859941174 26.2149701506601 33.966061708711536 8.682758317493352 26.261928718203468 25.982854192717166 16.240877439350374 27.599264482953167 28.789723861127946 31.552978242948793 3.5194601858807837 22.056092854356592 22.056092854356592 22.056092854356592 22.056092854356592 22.056092854356592 22.056092854356592 22.056092854356592 22.056092854356592 22.056092854356592 24.77561769159348 24.80143608745268
20 15.16572187533452 21.274315970202192 29.08765346328232 33.58005580698162 8.266390990027027 35.30243102110675 10.327367912493482 32.205968390967534 7.701831989857998 45.13472264232938 18.122200749357127 39.917592161852646 11.631874827387028 13.809423014738886 8.9467781910585 15.483942262873496 29.32684210753009 37.40146670920807 40.98187560373488 0.0 4.113546888027411 6.362615814270105 29.437380589991356 44.7708369365595 19.70099012740223 35.85168224783881 27.362378917045937 30.373825047234337 30.575154881046803 17.483013584619783 9.00628602699248 30.538722042678867 31.304796565382755 24.646039844161578 25.673085829327178 26.00772385273267 29.728042047871234 29.31407150158436 38.128341165070374 15.534942291492428 21.730486602927233 8.48999411071645 27.889066316390014 27.86527258075901 22.4397064151918 7.8142050139473564 6.826752375764044 31.1962977931677 38.50011553229419 1.4282366750647464 30.228872357400302 35.844713808314886 22.784854618803255 30.41704528714122 17.917561441222965 28.051275122532306 34.68126745088766 9.72177041489872 34.97516387381194 30.978484469063368 17.218481698454134 15.310863071688678 28.594000279778975 29.52896970772939 32.302168657847105 26.039229865723755 15.006495926764515 27.825628258855183 14.599944383455712 15.906020243920226 16.541911014148273 41.56441911058063 19.1436995379681 19.1436995379681 19.1436995379681 19.1436995379681 19.1436995379681 19.1436995379681 19.1436995379681 19.1436995379681 19.1436995379681 24.161151297071918 20.129610825845592
21 16.701606270056782 18.94471335227852 25.102535728487666 35.086812793412854 8.677962894596865 36.05204349270648 14.11233857303601 31.064453576395003 7.420605096621165 42.75551632245833 14.176918282899145 37.775827720911686 9.104349949337406 11.871631058957316 10.314599555969199 14.83906331275664 25.503040446189942 36.404768753557555 38.76037280522467 4.113546888027411 0.0 10.286142328395036 28.21327382633926 42.67001818607534 16.053208028303874 35.256796507907524 23.26439133095899 26.26028369991459 29.47265749809474 13.378340106306164 12.695968493974771 28.241639116736835 27.623334556132065 25.93263804552094 22.08552802176122 27.983337327774183 30.30808472998583 26.753936084247496 36.33996681341358 12.626591780840942 22.026441655428595 6.11771100984674 23.777375801378923 25.103764259568724 19.585339925566778 11.321411396111353 10.490196947626867 31.396181423861087 36.83112254602077 5.54007725577902 26.119059401134642 35.02931538012127 22.391023290595722 27.19096805926556 15.344720655652225 27.93105869815894 35.704877257876134 9.376499133471938 35.78729120791346 29.634600452849035 13.908802536523408 15.747828421722152 29.192205123971025 31.149699966452328 30.100055681011625 22.1200813741722 13.176207800425736 24.746656339796697 11.51683376627448 16.22094756788271 17.720608793153804 39.04990781039054 17.535667994119873 17.535667994119873 17.535667994119873 17.535667994119873 17.535667994119873 17.535667994119873 17.535667994119873 17.535667994119873 17.535667994119873 24.399583029224086 16.603001294946647
22 17.19660292034447 27.040417896179047 35.38487631743256 34.624976707573396 12.754432798051036 37.472422766615985 7.8679745805385 36.77213401476722 12.855560975702305 50.73896195233009 24.440116857331105 45.34969746315845 17.714353050563265 19.51259459938632 12.249612238760868 20.10731817025831 35.68529181609701 41.73745157529386 46.47546432258638 6.362615814270105 10.286142328395036 0.0 34.13511341712519 50.13786433425341 26.059947889433705 39.75857562841003 33.477193729463046 36.34087373743235 35.12925663887581 23.38035731121319 7.355679438365977 36.170119048739664 37.66286170752298 26.364274312030666 32.01945571055198 26.513406797316712 32.28512381887361 35.14752822034574 43.257178826178674 21.70017732646441 24.973368855643006 14.631221411761906 33.91242303345487 33.8408402968957 28.508933196456162 7.309453057513947 6.25285630732068 34.222395065220084 43.51268412773452 5.03511707907572 36.26936762613873 40.00292334317581 26.7917294701182 36.63422492697232 23.885634846074325 31.566111765626122 36.460272845934654 14.617168672489212 37.06177211089615 35.76801123909463 23.513791357414057 18.81157260837063 31.161752774836014 30.509543490521125 37.842973086162246 32.37256350677222 20.595072226141866 33.98046621222258 20.841650798341288 19.49872713794416 18.961319046943963 47.29261498373715 24.429780187304182 24.429780187304182 24.429780187304182 24.429780187304182 24.429780187304182 24.429780187304182 24.429780187304182 24.429780187304182 24.429780187304182 27.366807632604868 26.470477139636152
23 19.356119445798015 11.31691159283309 27.255914587479904 21.614920494880383 21.45327732538784 16.87374587932389 30.16018700207278 2.886137903843129 21.739903403649247 18.80043882466577 23.934376950319805 12.954888035023691 19.556770694570204 16.46440876557673 21.996527180443735 14.055510663081579 24.239742325363114 8.306489029668311 14.303012270147851 29.437380589991356 28.21327382633926 34.13511341712519 0.0 17.06003001169693 20.570717537315026 8.406566956849867 30.24565138991058 33.77214591938155 1.504962458003522 29.25909014306494 29.19489441666128 8.435669505143027 22.848558116432642 16.85672898281277 19.99875056097255 21.882494281959723 12.997969225998345 10.47114988910005 9.709723785978673 17.652088828237865 11.654501619545986 22.158188012560952 31.76386103734872 12.114186394471563 13.768696379832042 28.09472163948239 28.69526769347169 10.769690989067422 9.638922761387809 30.05618478782695 32.744361896363166 7.391058652182378 8.169716763756256 16.998612296302305 14.686054882098187 7.773079955847618 18.541483220066297 19.75235611262616 17.138144823754992 1.7389341563152998 18.708530674534543 15.876838476220636 12.823775575079285 20.534833332656977 8.206510829822866 24.75461565041962 15.141749700744628 14.986034165181927 18.95116355266874 15.16357873326742 17.50216135224447 16.655129900424072 10.76797176816507 10.76797176816507 10.76797176816507 10.76797176816507 10.76797176816507 10.76797176816507 10.76797176816507 10.76797176816507 10.76797176816507 10.515379974114108 19.424860771701812
24 36.38061307894632 23.73211579273959 31.097188554594446 35.359888065433694 37.4126823951451 28.940239183531297 46.95621654264747 15.352542460452598 37.32437841411428 3.5439802482519553 33.713791361993096 4.901606675366762 33.56568009142672 30.987686909480676 38.39297279451019 30.23043056259702 27.649493376913796 13.507239540335396 4.112725616911489 44.7708369365595 42.67001818607534 50.13786433425341 17.06003001169693 0.0 30.045294140680333 17.35695318885201 35.47277181163039 37.97603496943829 16.717382570247054 39.16925554564447 45.89317199758587 14.489051590770183 24.765908503424622 33.15831720699951 25.95074426678356 37.94588488887827 27.710767365773187 16.40628282091955 7.365487085047397 30.334281069443527 28.66469159087535 36.617237470896136 36.93921390609172 18.543605906079865 23.786462872819065 44.68046347118615 45.16114794820876 24.681395179365367 7.727495842768214 45.629959850957576 36.81323919461584 15.571066116358251 25.22650098606622 19.723520274028164 27.40176753423034 23.573154646758674 31.284337423062038 35.521216476917004 29.458751229473393 15.326196266523535 30.031989611079716 32.70533950290075 28.025950617240444 35.63499431738414 12.578756218323017 30.265229488639267 29.76602425585251 20.343051196907506 31.60512274932657 32.004050368664274 34.547839585131804 6.140244294814335 25.716375794423286 25.716375794423286 25.716375794423286 25.716375794423286 25.716375794423286 25.716375794423286 25.716375794423286 25.716375794423286 25.716375794423286 27.254430538905044 28.91124321090326
25 22.73610916581815 9.405972783290412 10.505292570890159 37.00050421278067 16.700620826783656 34.90963190868675 27.320611779387374 23.22404245604111 15.365327852017998 29.211670270629853 3.6915498100391377 25.29227692399401 9.48426591782411 10.244711806585874 19.066892877445973 15.017632569749468 9.810926154038668 28.393825032918688 25.933766174622615 19.70099012740223 16.053208028303874 26.059947889433705 20.570717537315026 30.045294140680333 0.0 28.9666904564536 11.13043323505424 14.898533753359755 22.075679377994238 9.223222864053541 25.823891263711594 16.122790453268316 11.603970527366915 28.498970998967664 6.042280695234209 32.67548487781015 29.378924963313413 13.768417483501871 25.274217139211256 6.1221698767675505 22.054763929817973 11.902573335207812 12.435636533768587 11.524347270019243 6.96713800638397 24.239578956739326 23.96809362465025 28.811338323653068 26.172936327435636 21.037460112855833 14.153919598471655 27.90087095414765 19.712339384253713 11.742199112602375 7.177150688121297 24.77827839055813 35.66973176237803 15.090409139582665 34.921347797586506 21.22127856657087 3.4644624402640023 18.886837427160746 28.539428585730306 34.02759468431467 18.1083814848263 7.148195856298287 10.493999237659589 9.934594506068176 6.074545250469373 18.72826623048701 22.280833198065103 25.229437171684985 12.197589433982438 12.197589433982438 12.197589433982438 12.197589433982438 12.197589433982438 12.197589433982438 12.197589433982438 12.197589433982438 12.197589433982438 23.49768473701186 1.192135898293479
26 23.276130262567275 19.65375424696259 35.40356162874012 18.01007817861988 27.60174813304404 11.643620914475015 34.5383832858459 6.016853662837414 28.24370811348963 20.287067900512383 32.28988943926566 15.216554800611076 27.131915081689314 23.958462137624778 27.54277211901518 20.47351117908211 32.26400650880173 3.851038301549337 16.469316925725852 35.85168224783881 35.256796507907524 39.75857562841003 8.406566956849867 17.35695318885201 28.9666904564536 0.0 38.56654659157338 42.040042816343565 6.904960535730817 37.553052445839874 33.85399598274921 15.609929404068426 30.57733958342354 17.185676826939346 28.237882781823426 21.456609704237994 10.855325881796457 18.07399468850204 11.167227050615564 25.724891914253014 14.985550907457492 29.4108129775428 40.09292331571745 20.03901095363741 22.172909055872662 33.03400732578474 33.83261911233004 7.7351305095647875 10.167848936722063 36.24364026970801 40.99007572571683 1.9348726056254975 13.074729825124495 24.568063252930624 22.858087759040565 8.413903969026507 13.942089656862777 26.19158773346893 12.13706290665085 8.091690799826695 26.989009911443585 20.947578380328356 11.444100838423262 18.588943918361796 14.544585934291838 33.03839130466252 22.66516851911761 22.935876264054095 26.987632871372767 20.264769231353217 21.34205022953512 19.768282677056195 18.459377237599323 18.459377237599323 18.459377237599323 18.459377237599323 18.459377237599323 18.459377237599323 18.459377237599323 18.459377237599323 18.459377237599323 12.77546899334815 27.825970028015195
