param n := 30.0;
param numVehicles := 3.0;
set Origin := 61 63 64 65;
set O := 63 64 65;
param Ok := 1 63 2 64 3 65;
set S := 69 70 71;
set F := 62 66 67 68;
param t:
 1 2 3 4 5 6 7 8 9 10 11 12 13 14 15 16 17 18 19 20 21 22 23 24 25 26 27 28 29 30 31 32 33 34 35 36 37 38 39 40 41 42 43 44 45 46 47 48 49 50 51 52 53 54 55 56 57 58 59 60 61 62 63 64 65 66 67 68 69 70 71:=
1 0.0 6.244927541613272 31.705094732550478 28.89118654538093 22.26319024758132 30.138733417315336 14.620536925845096 7.310907194049176 17.989366859342216 5.608274244364304 8.374858804779933 12.754545856281986 13.37158599418932 11.304941397459784 6.153680524694145 17.72694141695064 8.032844826087455 26.058718310768853 17.13201844500525 27.902957907720108 19.896597196505738 10.002917374446316 13.52378896611449 21.36622025534699 13.851410614085484 11.16274159872923 6.881572494713691 11.598615434611151 23.86470976148673 9.402478396678186 14.834884563083058 23.565105134499184 18.71786964373884 11.302418325296582 8.781188985553152 20.218640211448445 22.720302902910426 22.151071576788333 32.6300794972982 18.831119987934866 13.998565640807634 18.307268611128205 9.407457467350039 27.16793242041065 22.2279798452311 30.913973086615705 23.519215378069056 20.467104729296715 18.09250187232269 32.391129958678505 14.855864835141709 17.559129135580726 27.164539900392203 26.502428643428132 34.95505142322065 34.03049156271475 31.059728331072055 11.030147959116414 29.85928076829715 10.681658672696857 11.996369617513459 11.996369617513459 11.996369617513459 11.996369617513459 11.996369617513459 11.996369617513459 11.996369617513459 11.996369617513459 11.996369617513459 6.21810935896113 22.47578439120646
2 6.244927541613272 0.0 33.471814172524326 29.130272981899775 27.05940561061902 33.563970980800235 12.498525513035528 12.235768059259705 24.064026761953205 3.8261756363240833 11.741782658523364 10.542182316769141 19.544513296575076 16.69426548249428 9.794090054721774 23.95521997394305 10.853466358726136 32.266243661139114 12.362601991490305 33.423513220485965 21.00081036531686 3.758389548729615 16.09971341359839 22.865363325344298 18.3959371601449 9.008094138051622 1.378721146570256 5.666155663234113 27.046941786457115 12.755905612695635 11.05622901354707 29.557337430830945 17.068144480288417 14.834490217058354 13.90811274041162 26.26360957675087 28.793713550009485 27.003908235661 38.424451069598895 24.49933631754134 12.661728791914632 23.46721534396444 3.1936361721398394 32.1476440194301 27.66925340517883 31.326564893074377 25.533254943308734 26.586767385299027 15.221665086316936 33.43854572196584 17.5420363698175 20.57294242445645 26.655452950569046 31.675500753737108 40.09735317948056 39.174375961845264 32.618104727282976 6.739612155013077 34.137938191988106 7.806477822936538 16.7692061827625 16.7692061827625 16.7692061827625 16.7692061827625 16.7692061827625 16.7692061827625 16.7692061827625 16.7692061827625 16.7692061827625 6.461445349145963 27.868661180616478
3 31.705094732550478 33.471814172524326 0.0 8.42653356962399 47.779359560379206 9.450468983071687 23.25939061970455 36.83889645469853 37.65078655220897 36.08368745014844 23.37105123865848 24.561429600086395 29.52055026587411 38.115624145486585 25.5638375835867 31.78849634694916 23.686109431479032 34.23006362833701 29.91934892339738 24.576200601394838 12.544099648838893 35.09358944308775 18.19136201607785 10.606450867278838 42.03813145228983 25.49947779857462 34.850505878681304 33.487092677627295 10.098728038718539 40.21397747052634 27.137670939120767 28.73393596429142 19.846747340559357 41.6187314078649 24.88629711307008 28.600878378119788 40.303252126844555 18.608748157788582 29.74471785040161 41.44947632962327 22.052761641118785 43.49595130583995 35.24457461794652 19.634868576081683 22.725411503424972 7.166673147283892 8.191879149499217 38.343629666477845 23.66049957207159 3.885236157558507 16.914306607129955 14.64001967211793 12.258749202100514 21.063984903146885 23.832074605455563 23.38624937864129 1.3449535307957665 29.381693143860854 14.96881985996224 26.993708600338707 22.1303560748579 22.1303560748579 22.1303560748579 22.1303560748579 22.1303560748579 22.1303560748579 22.1303560748579 22.1303560748579 22.1303560748579 27.12682546852838 22.352643244144527
4 28.89118654538093 29.130272981899775 8.42653356962399 0.0 47.92761145728003 16.522448486831486 17.378741036105 35.14031485345571 38.80754179280105 32.30346817293771 21.21129906441376 19.060458021779016 30.419734975834356 37.36272720238714 23.131654242617408 33.66512212958688 21.10695600980871 37.88381274370361 23.108777639676227 29.796198415234116 9.27525094000157 29.975174928597163 16.411168148550544 8.653686613230226 41.068237702633404 20.344679206121683 30.47171705040594 27.906417684826547 13.81508798379511 38.097043717327985 20.835715586463543 32.432488032835224 13.190492636744086 39.78516437065455 24.03685511875462 31.435779996685305 42.21564695702293 22.4769494371456 35.47818783421724 42.125557705507 16.641252957635132 43.558012535008984 30.27966135874046 25.08986608174703 26.523903860480267 2.279777182094777 8.93324935283909 40.02090578685095 16.766052009939607 5.618339256399529 15.61182795190877 14.762268795818615 3.9596868563056855 26.222073907301837 30.744501296979916 30.15815763603606 7.0835934383616355 23.89238355627165 21.559405279367052 21.76919337044898 22.099325238567804 22.099325238567804 22.099325238567804 22.099325238567804 22.099325238567804 22.099325238567804 22.099325238567804 22.099325238567804 22.099325238567804 23.32372560291344 26.244317022928982
5 22.26319024758132 27.05940561061902 47.779359560379206 47.92761145728003 0.0 42.196910645211936 36.6442271033242 15.02072288540069 10.949315960369397 23.712565192319452 27.300750246101295 34.878046963670435 18.309414627453275 11.13512514523299 25.92376083827345 17.269200907974867 27.80580953685758 21.34762431747383 39.18899539411543 31.020642482063455 38.71894549183901 30.16580985155214 31.580415513415907 39.3567173427866 8.668561126276957 33.3339583008079 26.77446544751174 32.66730083738172 37.87745614478354 14.616596046959772 37.09072379989369 24.00394842520705 40.333116170214275 12.666209061909568 23.916854140960933 21.740787198259405 11.47692798618167 31.010728530623076 32.091530346806465 6.707394128870019 35.739477892101334 4.370064072756829 29.39672811725822 33.7938825233207 27.953846103890605 49.52900713723222 40.23501842922407 11.762729615187114 40.24057544320161 49.8107184047771 32.315917687727826 33.58317388216903 47.29102413777904 32.28229688234714 38.77611764991436 38.03517009295476 47.63601263749937 33.144995217981254 38.977901841941154 32.942087608407576 25.96705643695488 25.96705643695488 25.96705643695488 25.96705643695488 25.96705643695488 25.96705643695488 25.96705643695488 25.96705643695488 25.96705643695488 28.24946052582244 28.399718660578312
6 30.138733417315336 33.563970980800235 9.450468983071687 16.522448486831486 42.196910645211936 0.0 26.192950043857223 33.6465279040795 31.468766801385783 35.32226629195811 22.036394986476353 26.88385902358514 24.087882513828404 33.83113193495009 24.21595878754339 25.2198418710348 22.772708227174036 26.02363856189215 33.487784578858005 15.582001155179011 15.352081292124533 36.043099755709136 17.502626088675953 13.245940208229841 37.79205339750673 27.29950219326353 34.89245746576185 35.13582678691367 6.554420187934248 37.2959809631011 30.20858533596037 20.69307323719703 24.14898424364884 38.318979735895894 21.856266561332017 21.3243991709028 33.328820561189985 11.279194297466464 20.423503421303604 35.57085689156223 24.591623370570723 38.13846037794395 35.98962656099671 10.676886624854644 14.978737597007301 16.027102046221582 10.172954339816926 31.64841537897277 27.83454637675994 13.281566775045782 16.063621633990262 12.999859845398335 19.664096216200736 12.250215998095706 14.43322444916589 13.953250517352577 10.40097880009377 31.215002034278328 5.547599480856562 28.718218398779545 18.613905554719032 18.613905554719032 18.613905554719032 18.613905554719032 18.613905554719032 18.613905554719032 18.613905554719032 18.613905554719032 18.613905554719032 27.152559363713767 14.549690031062518
7 14.620536925845096 12.498525513035528 23.25939061970455 17.378741036105 36.6442271033242 26.192950043857223 0.0 21.895896967240233 30.413893206888197 16.131947185631375 10.935931601834385 1.975170878683665 23.131491348376134 25.51850544212964 11.280617181697107 27.636090027353724 9.930009869078681 34.843196466455254 7.344442524793833 31.76789070744232 11.116591204141672 12.684622816623284 10.7454180002455 13.287416152134318 28.42590712712613 3.590690741347687 13.72233872195261 10.52822967074712 19.900390749932523 23.842027178912453 4.02492484401883 30.503629292266186 4.58414048650344 25.831157155652164 15.232376702274664 27.903268482383922 34.88072682728959 23.887112676085405 37.57983166540265 32.364362190532965 1.7715134772278747 32.49912897294326 13.061636804015032 28.765666548856466 26.346812862279947 19.64993414747235 16.413478363832574 32.49860729323643 3.7145772303184104 22.32216566554419 11.736634100115756 14.394225092029094 14.432559301800909 28.95303410698091 36.58428569755053 35.72675826324017 22.169199895350307 6.539500286719162 28.64008219261949 4.6994097501707595 15.95676608840275 15.95676608840275 15.95676608840275 15.95676608840275 15.95676608840275 15.95676608840275 15.95676608840275 15.95676608840275 15.95676608840275 8.433883091435403 26.345898807973885
8 7.310907194049176 12.235768059259705 36.83889645469853 35.14031485345571 15.02072288540069 33.6465279040795 21.895896967240233 0.0 12.775776610445252 9.342548260512226 13.935760330889734 20.052945220091736 11.813884204612807 4.535782181719047 12.050780057739 14.928159699038591 14.0731474802192 23.052334285273584 24.183328224212648 27.829796980933942 25.910119258698906 15.634624395872132 18.95175622468799 27.05506422095501 6.540883426571674 18.469171394515783 12.175958114251216 17.900769704121664 27.932554483970847 3.7152405036551794 22.088536846065654 22.097023328946367 25.871105272098443 4.781167221505645 12.029454684232366 18.719569439492993 17.34405950174295 23.92418441661074 31.5411556541608 12.405130067838869 21.175010271544146 11.246724323108484 14.894872272027042 28.390386612372858 22.697346540950548 37.023943063914736 28.722033354203873 15.383287685017141 25.399328258833933 38.05962700815655 20.057733969718516 22.21812458332161 33.815761768737374 27.349880731001367 35.52808432775401 34.629611028713555 36.37831727829093 18.126184595771942 32.19955061798223 17.9770134338271 15.110035340792555 15.110035340792555 15.110035340792555 15.110035340792555 15.110035340792555 15.110035340792555 15.110035340792555 15.110035340792555 15.110035340792555 13.46377242826096 23.051099062734515
9 17.989366859342216 24.064026761953205 37.65078655220897 38.80754179280105 10.949315960369397 31.468766801385783 30.413893206888197 12.775776610445252 0.0 21.846633516402473 19.791046157290424 28.961664316817153 8.387808772259893 8.624509493298735 19.13361356356922 6.334785552802874 20.620957591731766 11.691576796993639 34.72008963122071 20.20876690943809 29.903787385547 27.74379591908793 23.025726915778357 30.1551486814441 10.600190941676473 27.638400677318508 24.352074244302067 29.57810757976243 27.59364629765338 15.084723398193285 31.935914328542406 13.243492741720367 33.31572055351647 14.228748504348511 15.690397827971093 10.79875196492632 4.732693524833401 20.21150454567893 21.937896708663754 4.249944940819821 29.134346054099105 7.523044330588515 27.062660475274786 22.844577474753176 17.017782934330782 40.17757787622345 30.543724789226346 2.6075122243241755 34.12842627488118 40.01537549492694 23.43988890758657 24.085663785746075 38.76505875140653 21.33690558633093 28.05865891306996 27.282755945835095 37.64429885122048 28.694821344625932 28.057847672264526 27.71210421458464 16.794919350803685 16.794919350803685 16.794919350803685 16.794919350803685 16.794919350803685 16.794919350803685 16.794919350803685 16.794919350803685 16.794919350803685 22.696372309248012 17.464630428382964
10 5.608274244364304 3.8261756363240833 36.08368745014844 32.30346817293771 23.712565192319452 35.32226629195811 16.131947185631375 9.342548260512226 21.846633516402473 0.0 13.293959530553716 14.158795570245374 18.555919917912988 13.877812507740549 11.1068658045373 22.665985970171253 12.652364205949812 31.03465192329374 16.107585914717326 33.48173627516948 23.80224997768068 6.453284435076452 18.177966442922045 25.525746139927037 15.05780289418081 12.572217783668878 3.1167142955362475 9.045614406993037 28.91938491738716 9.183958405829156 14.879817875229524 28.93059529287291 20.659898160446 11.243647095137769 14.356195178389017 25.545711499192972 26.519782955371262 27.72906460737542 38.109462814371966 21.74658823815819 16.118364805401324 20.34937915514869 5.685126207921861 32.76624586369333 27.82506445634942 34.45281898480877 27.990380776259546 24.433579598577037 18.998225706628503 36.34563522625516 19.59012046925695 22.48899579794527 30.040076298172078 32.110520394412795 40.56329631575817 39.6387214728225 35.316021180195264 10.565056365206956 35.33101034502127 11.487251542470897 17.523325940014928 17.523325940014928 17.523325940014928 17.523325940014928 17.523325940014928 17.523325940014928 17.523325940014928 17.523325940014928 17.523325940014928 9.043613879417896 28.077516841772173
11 8.374858804779933 11.741782658523364 23.37105123865848 21.21129906441376 27.300750246101295 22.036394986476353 10.935931601834385 13.935760330889734 19.791046157290424 13.293959530553716 0.0 9.856686867299782 12.208609585042844 16.363437291718387 2.230057398364446 16.70031305095806 1.162191034210813 24.06574536556057 16.732670438396855 22.554511566425024 11.974918454837177 14.742280963270234 5.182742131343214 13.201810936382932 19.92783510570077 8.95296710593756 13.007299642892832 14.706301370501013 15.628691819854916 17.028316299622812 13.398573804700261 20.073290512519364 13.52543855111545 18.62227483418715 4.297731959999367 17.224500689424932 24.110339192968645 15.49798077170055 28.01776386509102 22.216358387458552 9.471868453478438 22.969896125146064 14.513234925405156 20.667787980333067 16.820944682151474 23.089644085606864 15.179215526502018 21.729644359722048 14.596384894897776 24.24971422512026 6.483599309025812 9.229470407341907 20.08662380789763 20.373803572234618 28.67843064046567 27.763575562236216 22.770437149953885 11.700888855125495 22.396823435478524 9.68447933551412 5.658806234533924 5.658806234533924 5.658806234533924 5.658806234533924 5.658806234533924 5.658806234533924 5.658806234533924 5.658806234533924 5.658806234533924 5.765248303412438 16.93535024733767
12 12.754545856281986 10.542182316769141 24.561429600086395 19.060458021779016 34.878046963670435 26.88385902358514 1.975170878683665 20.052945220091736 28.961664316817153 14.158795570245374 9.856686867299782 0.0 21.925226566674286 23.7713943217473 9.876466574640952 26.48481383736726 8.768643452667009 33.91505353084379 7.234851207868758 31.459280665647775 12.175077001809887 10.916610646166694 10.585165657655056 14.311014499328829 26.591333926676185 1.6273487640945314 11.782485306589606 8.96010803506297 20.46358375260795 21.915364473355215 3.738904652434989 29.771444372082453 6.525984063725562 23.915770278207642 14.10137042985539 27.03752274155308 33.491701240755155 23.72626940755752 37.18913088524656 30.75684093010854 2.5112307739433266 30.772451121092057 11.245756888711405 28.719869916139942 25.917356809674864 21.317587949859618 17.3765047118228 31.114339845158213 5.362564311968668 23.84651530098266 11.745158321623425 14.607630334862666 16.260311559130717 28.79408473975167 36.63211732892326 35.75694489186681 23.522644154091182 4.869819298495581 28.982214960213103 2.7735262753397523 15.187441785896661 15.187441785896661 15.187441785896661 15.187441785896661 15.187441785896661 15.187441785896661 15.187441785896661 15.187441785896661 15.187441785896661 6.628603774551621 25.949535410099347
13 13.37158599418932 19.544513296575076 29.52055026587411 30.419734975834356 18.309414627453275 24.087882513828404 23.131491348376134 11.813884204612807 8.387808772259893 18.555919917912988 12.208609585042844 21.925226566674286 0.0 10.236703570974397 12.139958813768686 4.6146102760688255 13.205094319996356 12.73999246467595 28.372380513450047 16.03169822570273 21.5493384585235 23.284849065433086 14.785560117898815 21.767422447317916 14.048318048791462 20.807274112675117 20.25314059596684 24.468850565566008 19.57050076007254 15.387128387064298 25.257975374126882 10.47767855968105 25.54166736922239 15.668989118638125 7.915761492111798 7.065063623209632 12.150342382007183 13.203882004925672 19.858254706796362 11.9384545063421 21.67795303989747 14.11474590632081 22.73522764346115 17.033043885342398 11.13596120682898 31.801352235400305 22.21268655520984 9.817423287197105 26.80400477540623 31.731163294149805 15.105578307367116 15.706331207509919 30.432315521497866 15.826030835304222 23.80111434366047 22.915207963271904 29.437469524400363 22.65997043246085 21.50702006322587 21.191831067654345 8.455363504900307 8.455363504900307 8.455363504900307 8.455363504900307 8.455363504900307 8.455363504900307 8.455363504900307 8.455363504900307 8.455363504900307 16.31211733650785 11.528277061209103
14 11.304941397459784 16.69426548249428 38.115624145486585 37.36272720238714 11.13512514523299 33.83113193495009 25.51850544212964 4.535782181719047 8.624509493298735 13.877812507740549 16.363437291718387 23.7713943217473 10.236703570974397 0.0 14.85041750254854 12.095074369345564 16.77780057099261 19.674646121341038 28.41417512439874 25.947250644336098 28.091194634618155 20.152745520151836 20.953494028443085 28.95196608177068 3.9701692659129777 22.244669024285347 16.694084341466592 22.357986045259086 28.646025204205905 6.473044724084639 26.117168682688405 19.616660674029102 29.208240207174413 5.89460770535241 13.410641297119241 16.40605156641902 13.0023397894379 23.319171511869797 28.979577981744317 7.869359567334562 24.604844157197988 7.018086348856076 19.41804243480789 27.267446451767352 21.35005395777725 39.097480839563055 30.210882939761955 11.201272249168843 29.131779005065926 39.74221936429821 21.85106358967453 23.544839349632436 36.4459587883211 26.03406629783369 33.83076280547041 32.966106715837704 37.804670293496805 22.318973811535333 31.66017441518603 21.922894790606463 15.985938070692004 15.985938070692004 15.985938070692004 15.985938070692004 15.985938070692004 15.985938070692004 15.985938070692004 15.985938070692004 15.985938070692004 17.146842741449518 21.75054518856941
15 6.153680524694145 9.794090054721774 25.5638375835867 23.131654242617408 25.92376083827345 24.21595878754339 11.280617181697107 12.050780057739 19.13361356356922 11.1068658045373 2.230057398364446 9.876466574640952 12.139958813768686 14.85041750254854 0.0 16.741650217347154 2.0261934754608206 24.49925011097279 16.25851604544523 23.94227098668796 13.96719084139685 13.010682533979528 7.374486015987826 15.306793263123403 18.24311420783195 8.67771813324217 11.004454370844563 13.30326636582159 17.837016006047648 14.985559449016241 13.119201195194776 20.889657249461994 14.4767616544585 16.654198869954687 4.672939117942797 17.84958542935942 23.624540207165936 17.22907832706091 29.225973379855116 21.19641365891881 10.056450666114761 21.6469431560209 12.709531856051978 22.385796210990577 18.17460315935399 25.068445903166793 17.374188326365065 21.24501823957796 14.995193096455942 26.355160177847523 8.702849648247406 11.455493005541053 21.780319648710392 21.978956208155108 30.363827756065277 29.443259670084085 24.940383076448526 10.752900445926205 24.402727716384494 9.076983639954408 7.057755167190202 7.057755167190202 7.057755167190202 7.057755167190202 7.057755167190202 7.057755167190202 7.057755167190202 7.057755167190202 7.057755167190202 4.424014918600523 18.331718631923195
16 17.72694141695064 23.95521997394305 31.78849634694916 33.66512212958688 17.269200907974867 25.2198418710348 27.636090027353724 14.928159699038591 6.334785552802874 22.665985970171253 16.70031305095806 26.48481383736726 4.6146102760688255 12.095074369345564 16.741650217347154 0.0 17.73394597939218 8.369580395694877 32.984080099344894 14.236351217920975 25.157080434740436 27.710414648647898 18.760283366729833 25.091801449876012 15.314752234365399 25.397078335903128 24.58278788095443 29.00357557267724 21.690275424715104 18.159182911133417 29.853864138499727 7.562389569441659 29.846029551684087 17.962639672386686 12.406272768241074 4.607223024773166 8.587932929407401 13.942390325908969 16.88452368294705 10.561813670009522 26.138950935337864 13.602201292437927 27.13217462718387 16.54359827848827 10.68569080593295 34.8522289674563 25.0804255147316 6.55610524625711 31.284111302704446 34.37400005818351 18.866594499273045 18.928432476039845 34.05648414032194 15.065830212769558 22.158535150140228 21.33975913641014 31.879629859833695 27.270457128548472 21.72306212300651 25.80245887507623 12.365878860800796 12.365878860800796 12.365878860800796 12.365878860800796 12.365878860800796 12.365878860800796 12.365878860800796 12.365878860800796 12.365878860800796 20.926226606820446 11.13206899008446
17 8.032844826087455 10.853466358726136 23.686109431479032 21.10695600980871 27.80580953685758 22.772708227174036 9.930009869078681 14.0731474802192 20.620957591731766 12.652364205949812 1.162191034210813 8.768643452667009 13.205094319996356 16.77780057099261 2.0261934754608206 17.73394597939218 0.0 25.18100530161574 15.586896163123692 23.69653223575129 11.956979551709537 13.73127816337576 5.553828229248722 13.343780124087775 20.229723972412476 7.815692163845759 12.15160911155391 13.599858381615597 16.305375064683425 17.00223479428513 12.270881467930494 21.22775541596426 12.751571510994243 18.679838114930227 5.334736357122065 18.360488010943502 25.005200259146093 16.573637379887376 29.174686082287156 22.900435017702172 8.534552126503183 23.502614663053983 13.533857543213614 21.741441442553896 17.96952809619663 23.0505201676665 15.50998259186644 22.622454420332026 13.617404304785842 24.383420596790764 6.94578462090497 9.84850871959811 19.772769355859083 21.47872621921514 29.756855747877665 28.84414671991529 23.02782265000319 10.543357340050653 23.329202729626232 8.524179491305894 6.817059190002681 6.817059190002681 6.817059190002681 6.817059190002681 6.817059190002681 6.817059190002681 6.817059190002681 6.817059190002681 6.817059190002681 4.699818719908247 18.079167458707825
18 26.058718310768853 32.266243661139114 34.23006362833701 37.88381274370361 21.34762431747383 26.02363856189215 34.843196466455254 23.052334285273584 11.691576796993639 31.03465192329374 24.06574536556057 33.91505353084379 12.73999246467595 19.674646121341038 24.49925011097279 8.369580395694877 25.18100530161574 0.0 40.71567413171492 11.249596081637776 30.386936206205455 36.01389159754885 24.976727487803522 29.795402195640857 22.23111855035639 32.98722783138953 32.92881935326562 37.19404522232019 24.52194258210389 26.039495694041385 37.44968090651775 5.513348528798085 36.4386858709257 25.53991268583352 19.910487688652932 6.996919607941769 9.93353693303649 15.685154382408866 10.789331397264613 15.328521128928259 33.2255641336607 18.88589071238103 35.45207649771731 15.572613139739907 11.539833620984318 38.65364050125162 28.959044252184842 9.81243007618398 38.366152165678535 37.40962576663926 24.696093618222296 23.84369652549705 39.02767167023931 13.920346691084962 18.151277751166724 17.54924693541008 34.63865107073311 35.20973075727788 21.237586491878027 33.55443875257043 18.933426208692392 18.933426208692392 18.933426208692392 18.933426208692392 18.933426208692392 18.933426208692392 18.933426208692392 18.933426208692392 18.933426208692392 28.83627278272974 11.891956441225304
19 17.13201844500525 12.362601991490305 29.91934892339738 23.108777639676227 39.18899539411543 33.487784578858005 7.344442524793833 24.183328224212648 34.72008963122071 16.107585914717326 16.732670438396855 7.234851207868758 28.372380513450047 28.41417512439874 16.25851604544523 32.984080099344894 15.586896163123692 40.71567413171492 0.0 38.688106544518305 18.260433401209294 10.347500761053368 17.801738903826223 20.43111548594447 30.577823074901854 7.78910469823073 13.042370950099526 7.448967713717117 27.23780086570867 25.102057923604594 3.500246848437979 36.79724647307187 10.091220937032347 27.181075548991803 20.805357194722713 33.94318835937485 39.386725733424456 30.9565533611221 44.39810086028456 35.93730362728957 9.053812898442292 35.381310603198415 11.043249159554449 35.930342608998316 33.12311881450779 25.36897861562424 23.577713968915646 37.04534777809489 6.349335083298094 28.470991623053806 18.91596764640921 21.683666479633928 19.56417920588543 36.02554032904989 43.81448276540532 42.94586978977141 28.740341334089962 6.102394611953574 35.97708270552241 7.182935333135056 22.2567082022477 22.2567082022477 22.2567082022477 22.2567082022477 22.2567082022477 22.2567082022477 22.2567082022477 22.2567082022477 22.2567082022477 12.118129393598668 33.16433415583675
20 27.902957907720108 33.423513220485965 24.576200601394838 29.796198415234116 31.020642482063455 15.582001155179011 31.76789070744232 27.829796980933942 20.20876690943809 33.48173627516948 22.554511566425024 31.459280665647775 16.03169822570273 25.947250644336098 23.94227098668796 14.236351217920975 23.69653223575129 11.249596081637776 38.688106544518305 0.0 24.156212451458526 36.883883201203204 21.02414935258975 22.89208256144469 29.441626381706563 31.034986515221817 34.44902698190473 37.20952421087913 15.991043993435825 31.418615182722483 35.19794817883565 7.021808883756378 31.95038265811538 31.622950779457632 19.52195574218936 9.650602053758098 20.315080113058873 8.080723234958615 5.952929026958072 24.419899835994414 30.00278820376533 27.702650992278702 36.51207279791165 4.946595192655248 5.769348316751208 30.07114297794482 21.1037816516377 19.336112639307828 34.76492467991265 28.133298846740317 20.13893313956824 18.041498053099694 31.808069667931754 3.5820005583472496 7.926070905562226 7.104131192482302 25.236467898658088 34.21190167178668 10.331235163328731 32.03631320860751 16.934082555603656 16.934082555603656 16.934082555603656 16.934082555603656 16.934082555603656 16.934082555603656 16.934082555603656 16.934082555603656 16.934082555603656 28.247675160975636 5.620956502233406
21 19.896597196505738 21.00081036531686 12.544099648838893 9.27525094000157 38.71894549183901 15.352081292124533 11.116591204141672 25.910119258698906 29.903787385547 23.80224997768068 11.974918454837177 12.175077001809887 21.5493384585235 28.091194634618155 13.96719084139685 25.157080434740436 11.956979551709537 30.386936206205455 18.260433401209294 24.156212451458526 0.0 22.551269587320355 7.149764751374691 2.1741214317512254 31.79382587861989 12.997128452085098 22.37738009687461 21.01356637984138 9.536431617748852 28.952145689050404 15.127628895501106 25.172564430347578 8.831481868859836 30.58961941574298 14.803768304050154 23.57062069611235 33.57363787259284 16.136918169216823 30.101646533038686 33.04749412587889 9.7029531587038 34.349226949088674 22.70111406957817 20.142492497205996 19.70742854864632 11.115056455097292 5.317597201744411 31.304650964353524 12.482473633058472 12.557075455694294 6.4759546014468015 6.5479746486986325 8.904783882835114 20.810187120734884 27.317073049651565 26.54509370863098 11.628561045976411 16.9174683685237 18.604047409098914 14.491133979092183 13.108869974181603 13.108869974181603 13.108869974181603 13.108869974181603 13.108869974181603 13.108869974181603 13.108869974181603 13.108869974181603 13.108869974181603 14.766532158905827 19.535467027946886
22 10.002917374446316 3.758389548729615 35.09358944308775 29.975174928597163 30.16580985155214 36.043099755709136 12.684622816623284 15.634624395872132 27.74379591908793 6.453284435076452 14.742280963270234 10.916610646166694 23.284849065433086 20.152745520151836 13.010682533979528 27.710414648647898 13.73127816337576 36.01389159754885 10.347500761053368 36.883883201203204 22.551269587320355 0.0 18.56178138002923 24.561480167123477 21.510002603440103 9.686857281905208 3.4589368308773714 2.9010184418579628 29.489539433500816 15.61325296022581 10.116871650861249 33.22352178803445 17.19730257918375 17.656514718369536 17.374946676177167 29.954090204845144 32.46698076507885 30.20710406510363 41.995277686901886 28.00624366101245 13.349988014975892 26.76552887577602 0.7746612162745727 35.37326385845671 31.116509122972 32.22863447308929 27.425921315427125 30.283225785903323 14.620479472301856 34.66554716141085 19.991810423270824 23.071112760332998 27.11668726079939 34.98960988636484 43.36549669956519 42.446182396064785 34.13945014202777 6.162504685596596 37.026694424428435 8.223086768361378 20.066592535854213 20.066592535854213 20.066592535854213 20.066592535854213 20.066592535854213 20.066592535854213 20.066592535854213 20.066592535854213 20.066592535854213 9.053404663440158 31.294921888383104
23 13.52378896611449 16.09971341359839 18.19136201607785 16.411168148550544 31.580415513415907 17.502626088675953 10.7454180002455 18.95175622468799 23.025726915778357 18.177966442922045 5.182742131343214 10.585165657655056 14.785560117898815 20.953494028443085 7.374486015987826 18.760283366729833 5.553828229248722 24.976727487803522 17.801738903826223 21.02414935258975 7.149764751374691 18.56178138002923 0.0 8.103907452581131 24.688384718324528 10.46424101404397 17.446001375673454 17.85366841856317 10.96132145318255 22.15780431360472 14.302292543505045 20.21551918700086 11.484284914612664 23.68969294862219 7.66440421689775 17.984235318745135 26.927471919955654 13.166562497478225 26.85447217876382 26.001040363800833 8.978852710675234 27.211728353781574 18.490312815093205 18.134705401522243 15.66317375246792 18.16388504698265 10.000425990926587 24.602883164377303 13.832093840051837 19.121543452347144 1.442782034820229 4.510044345679985 15.806131721581975 18.237010719961756 26.0586381839113 25.179170121352293 17.589302430738975 14.150609315502988 18.714276154850342 11.718478570189903 6.39885302222203 6.39885302222203 6.39885302222203 6.39885302222203 6.39885302222203 6.39885302222203 6.39885302222203 6.39885302222203 6.39885302222203 9.659053783885872 15.639479530981843
24 21.36622025534699 22.865363325344298 10.606450867278838 8.653686613230226 39.3567173427866 13.245940208229841 13.287416152134318 27.05506422095501 30.1551486814441 25.525746139927037 13.201810936382932 14.311014499328829 21.767422447317916 28.95196608177068 15.306793263123403 25.091801449876012 13.343780124087775 29.795402195640857 20.43111548594447 22.89208256144469 2.1741214317512254 24.561480167123477 8.103907452581131 0.0 32.74008014651155 15.079101564748477 24.244055766311046 23.10201792051941 7.677714503678812 30.228278416079206 17.30062195413795 24.460215943445796 10.90315275505209 31.787538753417195 15.551268758528995 23.126443133348456 33.612452751919186 15.002976371373782 28.804339950778253 33.485726869817235 11.85348995022141 34.990866522565575 24.683520170348473 18.662963537444956 18.784346035994968 10.17552219790218 3.1475533355290417 31.397269945012738 14.606007805009552 11.050221536240802 7.100903041163145 6.164790345178009 9.235381746305888 19.454798996648613 25.59140519783937 24.846638162938664 9.790551567710578 19.015976546052006 16.727709227506317 16.569829449937014 13.458758486576686 13.458758486576686 13.458758486576686 13.458758486576686 13.458758486576686 13.458758486576686 13.458758486576686 13.458758486576686 13.458758486576686 16.53463576859194 18.57100374239368
25 13.851410614085484 18.3959371601449 42.03813145228983 41.068237702633404 8.668561126276957 37.79205339750673 28.42590712712613 6.540883426571674 10.600190941676473 15.05780289418081 19.92783510570077 26.591333926676185 14.048318048791462 3.9701692659129777 18.24311420783195 15.314752234365399 20.229723972412476 22.23111855035639 30.577823074901854 29.441626381706563 31.79382587861989 21.510002603440103 24.688384718324528 32.74008014651155 0.0 25.00968532389002 18.108966618777565 23.998745633886788 32.610586317942825 6.082591552948464 28.59469293417924 22.873404731259402 32.3438318694616 4.359018696908745 17.24736107350919 19.809979808167395 14.188613603872648 27.20902681096845 32.07879997755526 8.1441807445562 27.666336656666346 5.58020967348002 20.742869425419425 31.026419967505113 25.078347792468303 42.85215163792829 34.09144907451133 12.909235143880522 31.939747400378728 43.59674652998776 25.645812913612232 27.43996413991826 39.992207490960034 29.741932754950543 37.3598176119745 36.51314355132957 41.70498699196536 24.567862340871255 35.53868269927854 24.507734615830977 19.91746017945059 19.91746017945059 19.91746017945059 19.91746017945059 19.91746017945059 19.91746017945059 19.91746017945059 19.91746017945059 19.91746017945059 19.992028911543724 25.48978658208028
26 11.16274159872923 9.008094138051622 25.49947779857462 20.344679206121683 33.3339583008079 27.29950219326353 3.590690741347687 18.469171394515783 27.638400677318508 12.572217783668878 8.95296710593756 1.6273487640945314 20.807274112675117 22.244669024285347 8.67771813324217 25.397078335903128 7.815692163845759 32.98722783138953 7.78910469823073 31.034986515221817 12.997128452085098 9.686857281905208 10.46424101404397 15.079101564748477 25.00968532389002 0.0 10.280403494026876 8.023039324345856 20.805348254715664 20.292188250654483 4.467057196857906 29.008864645139077 8.088289065061906 22.2960754394131 13.090616486628885 26.17545453282521 32.20994337157394 23.452447974571864 36.684703406188255 29.31953955982256 3.7110710044406323 29.25474764888598 9.945715861615996 28.51935384962289 25.413163832942956 22.58355197926137 18.067828314437794 29.83894917720797 6.9301901849804945 24.979033207872558 11.736984280470004 14.718820876687099 17.685079021593314 28.500458171755767 36.48657994386429 35.59885846484407 24.507914231937406 3.9537106621501774 29.100671744824034 1.4946651798981607 14.472197483450811 14.472197483450811 14.472197483450811 14.472197483450811 14.472197483450811 14.472197483450811 14.472197483450811 14.472197483450811 14.472197483450811 5.1041649659861115 25.472269235386154
27 6.881572494713691 1.378721146570256 34.850505878681304 30.47171705040594 26.77446544751174 34.89245746576185 13.72233872195261 12.175958114251216 24.352074244302067 3.1167142955362475 13.007299642892832 11.782485306589606 20.25314059596684 16.694084341466592 11.004454370844563 24.58278788095443 12.15160911155391 32.92881935326562 13.042370950099526 34.44902698190473 22.37738009687461 3.4589368308773714 17.446001375673454 24.244055766311046 18.108966618777565 10.280403494026876 0.0 5.9314942468150464 28.383867319306578 12.291008095351659 12.034983672610446 30.399012155002666 18.303064770687993 14.355482994312663 14.970362453861965 27.072904314092348 29.067007345098325 28.165715400110113 39.36223266025443 24.549392171701523 13.959164731458685 23.322576615802983 2.7299421239286366 33.29481304948265 28.70958710953538 32.673947848400566 26.90942266195988 26.906134021817408 16.311225337171944 34.807284122723516 18.887489404364995 21.908861403550844 27.954829350221402 32.784027391399 41.22030688871688 40.29630161689779 33.99586474852494 7.726007248249253 35.39054834274259 9.022993738222365 17.912128293421752 17.912128293421752 17.912128293421752 17.912128293421752 17.912128293421752 17.912128293421752 17.912128293421752 17.912128293421752 17.912128293421752 7.824853992248034 28.921624089943496
28 11.598615434611151 5.666155663234113 33.487092677627295 27.906417684826547 32.66730083738172 35.13582678691367 10.52822967074712 17.900769704121664 29.57810757976243 9.045614406993037 14.706301370501013 8.96010803506297 24.468850565566008 22.357986045259086 13.30326636582159 29.00357557267724 13.599858381615597 37.19404522232019 7.448967713717117 37.20952421087913 21.01356637984138 2.9010184418579628 17.85366841856317 23.10201792051941 23.998745633886788 8.023039324345856 5.9314942468150464 0.0 28.59728497602526 18.221877400531483 7.4977223208118335 34.043370749677536 14.889620142904922 20.2869756247697 17.90346223499801 30.87081864803718 34.3106018017755 30.163771448544026 42.52858934881335 30.149426528542794 11.467850365260265 29.12542923288857 3.617934217201856 35.326891739862994 31.450055007901017 30.1781458012251 26.083075048774447 32.06530561214099 12.02888822792863 32.796591591200446 19.239547811734038 22.308955690484478 24.861989381382976 35.07737122419524 43.34465323428024 42.43434915254386 32.46822920949031 4.105696043303742 36.541019142875584 6.5346889750010275 20.27661677894022 20.27661677894022 20.27661677894022 20.27661677894022 20.27661677894022 20.27661677894022 20.27661677894022 20.27661677894022 20.27661677894022 8.964217087955868 31.589953909431397
29 23.86470976148673 27.046941786457115 10.098728038718539 13.81508798379511 37.87745614478354 6.554420187934248 19.900390749932523 27.932554483970847 27.59364629765338 28.91938491738716 15.628691819854916 20.46358375260795 19.57050076007254 28.646025204205905 17.837016006047648 21.690275424715104 16.305375064683425 24.52194258210389 27.23780086570867 15.991043993435825 9.536431617748852 29.489539433500816 10.96132145318255 7.677714503678812 32.610586317942825 20.805348254715664 28.383867319306578 28.59728497602526 0.0 31.497733569258596 23.885999665075776 19.010578318399467 18.323372833624273 32.6826418760785 15.93579430088127 18.583268388526278 30.20808103802689 8.855789067045352 21.739717109475 31.456299146593835 18.244330297382803 33.64501853172323 29.440429956099486 11.381342803026364 12.99356656195673 14.248422509176237 5.223254158089572 28.24580995475258 21.851646436824847 12.927883972251609 9.519829620324094 6.475061389670371 15.937747896111295 12.426175276407458 17.936406106018005 17.210075421101443 10.260917697750044 24.701650956970465 9.07019580825023 22.207523139693 12.836891835643081 12.836891835643081 12.836891835643081 12.836891835643081 12.836891835643081 12.836891835643081 12.836891835643081 12.836891835643081 12.836891835643081 20.61886980413815 12.666246168458908
30 9.402478396678186 12.755905612695635 40.21397747052634 38.097043717327985 14.616596046959772 37.2959809631011 23.842027178912453 3.7152405036551794 15.084723398193285 9.183958405829156 17.028316299622812 21.915364473355215 15.387128387064298 6.473044724084639 14.985559449016241 18.159182911133417 17.00223479428513 26.039495694041385 25.102057923604594 31.418615182722483 28.952145689050404 15.61325296022581 22.15780431360472 30.228278416079206 6.082591552948464 20.292188250654483 12.291008095351659 18.221877400531483 31.497733569258596 0.0 23.44813271883286 25.50470427195736 28.069621800088438 2.0791315494696345 15.562678689737186 22.166333842112905 19.33698146040379 27.63940701245235 34.94460667971525 13.715155996196325 23.349289496684904 11.61893919426382 14.839849325380632 32.0881119419638 26.364626756318774 40.052703728961916 32.05427952707719 17.642822449936972 27.15316217312451 41.27192135096208 23.339266997915765 25.64778945640345 36.52599474347002 31.028561616678267 39.16337498224585 38.26959613061 39.70068498149623 19.251936525970574 35.91267386313639 19.563876098564926 18.71388757046488 18.71388757046488 18.71388757046488 18.71388757046488 18.71388757046488 18.71388757046488 18.71388757046488 18.71388757046488 18.71388757046488 15.563084141647503 26.724699960897595
