param n := 16.0;
param numVehicles := 4.0;
set Origin := 33 35 36 37 38;
set O := 35 36 37 38;
param Ok := 1 35 2 36 3 37 4 38;
set S := 43 44 45;
set F := 34 39 40 41 42;
param t:
 1 2 3 4 5 6 7 8 9 10 11 12 13 14 15 16 17 18 19 20 21 22 23 24 25 26 27 28 29 30 31 32 33 34 35 36 37 38 39 40 41 42 43 44 45:=
1 0.0 24.980100960564588 14.583246414979074 7.6881448997791395 5.7568269037725965 37.00621709929292 10.839380794122881 23.991984078020728 24.02661332772474 35.86048304192234 22.444834595068862 23.483991568726136 26.684087243149243 8.68225086023204 24.143868124225666 23.707973511036325 18.669252797045736 24.55479659862814 27.338790097588447 3.0852610910585834 18.95478831324687 14.577878172079778 22.544352108676797 17.320518352520516 16.834985595479434 28.503428355199663 8.362320252178819 10.614804190374874 22.89061799078391 23.693431410414153 16.396589401457856 25.38971413781573 12.686630758400751 12.686630758400751 12.686630758400751 12.686630758400751 12.686630758400751 12.686630758400751 12.686630758400751 12.686630758400751 12.686630758400751 12.686630758400751 12.686630758400751 22.822940213741084 7.550801281983258
2 24.980100960564588 0.0 16.00464932449318 29.905067129167257 27.89595131914307 32.08534350758926 29.569914507823654 1.7588405271655527 3.7617793662042427 31.16378231216487 43.19119433403063 2.941882390579202 23.10615718807435 22.26799793425534 29.486668241766484 30.155216132536673 22.989502038974223 1.346931327128446 14.145478712295317 26.24817098389905 6.293342831913734 18.288533894219075 12.027704352868005 36.46804299657441 35.29196724468615 9.101515478204714 17.51929644706088 21.56188674490245 7.290027434790625 9.276789962050449 37.04392835539989 13.547012807257547 16.75889602569334 16.75889602569334 16.75889602569334 16.75889602569334 16.75889602569334 16.75889602569334 16.75889602569334 16.75889602569334 16.75889602569334 16.75889602569334 16.75889602569334 21.897136707798126 18.39120974813783
3 14.583246414979074 16.00464932449318 0.0 16.026438656170622 14.494059610750881 41.11254898446459 14.379929485223494 16.025827654133813 17.333861658614907 40.003016086290295 36.844365919364115 13.348002397362684 30.450026272566664 7.632435260125041 32.35953058992049 32.43881286360523 25.377488370601217 16.372199363555282 25.749832931496858 17.28337420760194 10.252685306786706 19.436461612135066 21.273578918461276 31.162086964771795 30.414330964201728 23.483735648316262 12.573555264920103 18.96244920889704 10.526497803163215 20.433730936860258 30.640473951947936 24.172000744663237 16.57325037522815 16.57325037522815 16.57325037522815 16.57325037522815 16.57325037522815 16.57325037522815 16.57325037522815 16.57325037522815 16.57325037522815 16.57325037522815 16.57325037522815 27.398405574047555 7.394094129776819
4 7.6881448997791395 29.905067129167257 16.026438656170622 0.0 2.16688255334709 44.69074915460693 4.376751763579928 29.249210587638085 29.715176593787895 43.54565457080649 25.59564658296406 27.867012757021516 34.36022473733255 8.394008577551014 31.572858280491488 31.049420799750838 26.337253691301985 29.759730106303046 34.42875414533613 9.809008104798364 23.61735573683049 22.186013792477453 29.558378981263502 22.065230567569422 21.983729437927497 34.84710375339678 15.329246426357688 18.298604099766738 26.14234304724808 30.321123462035505 20.43489809125556 32.50003772305503 20.10314572399056 20.10314572399056 20.10314572399056 20.10314572399056 20.10314572399056 20.10314572399056 20.10314572399056 20.10314572399056 20.10314572399056 20.10314572399056 20.10314572399056 30.506269322878534 11.560297055006847
5 5.7568269037725965 27.89595131914307 14.494059610750881 2.16688255334709 0.0 42.73062012187513 5.2910747490467385 27.197201694292005 27.61745658093808 41.58328130390866 25.336097410611604 25.926594917188797 32.33546560666786 6.941258099220918 29.84788582127719 29.373659084288427 24.417678349916887 27.715108731520427 32.26483664920683 8.206710668714962 21.620133579605838 20.115897096575132 27.39310051819618 21.29648092995648 21.08951218022835 32.70056861890937 13.172082599194402 16.351576927012268 24.37671429869087 28.15860287727358 19.858499842636654 30.337283991814427 17.98065916478036 17.98065916478036 17.98065916478036 17.98065916478036 17.98065916478036 17.98065916478036 17.98065916478036 17.98065916478036 17.98065916478036 17.98065916478036 17.98065916478036 28.498001754509033 9.511682501008956
6 37.00621709929292 32.08534350758926 41.11254898446459 44.69074915460693 42.73062012187513 0.0 47.4682062016251 30.509478723832697 28.372498303815263 1.1510847058318514 37.08746440510593 34.27174375487772 10.76359382362601 42.093492133582835 15.092759853651684 16.18402422143516 18.388469865652226 30.758395601851536 18.000638766443817 35.213544496400814 33.16166377008246 22.96085825922019 20.743611353860253 31.889299082921216 30.667577993705336 24.025926412939835 30.684045235268442 26.392226507060748 38.28142212614364 22.951663381986062 34.18948668816191 18.58768646174128 25.59956405878819 25.59956405878819 25.59956405878819 25.59956405878819 25.59956405878819 25.59956405878819 25.59956405878819 25.59956405878819 25.59956405878819 25.59956405878819 25.59956405878819 14.348020072469929 36.88915396156437
7 10.839380794122881 29.569914507823654 14.379929485223494 4.376751763579928 5.2910747490467385 47.4682062016251 0.0 29.162697886169585 29.932681603892423 46.317560600705214 29.96610258275173 27.233901887169967 36.91692316539936 7.308181169073464 34.97849693740427 34.54681056190282 29.297636355173772 29.62256741067526 35.848900959443654 13.476203174485015 23.32421951534499 24.605079556871992 30.96281414858798 26.37704100159834 26.246308159434538 35.49804710121389 17.17057669386791 21.228863841477715 24.880636165500267 31.314177300385843 24.793460428104826 33.97062872541514 22.220254724012502 22.220254724012502 22.220254724012502 22.220254724012502 22.220254724012502 22.220254724012502 22.220254724012502 22.220254724012502 22.220254724012502 22.220254724012502 22.220254724012502 33.14712234870472 12.031114661576456
8 23.991984078020728 1.7588405271655527 16.025827654133813 29.249210587638085 27.197201694292005 30.509478723832697 29.162697886169585 0.0 2.141881415951872 29.571109143892453 41.69495533035141 3.9232394777785364 21.397149062433524 21.85695102250083 27.729348279395246 28.401576083027503 21.2518672120828 0.5940774360300177 12.646668177824544 25.101448563778145 5.886732540212779 16.63386257007073 10.301267106526264 34.94534246505533 33.7526628282866 8.065438363784077 16.294811566876128 20.043741766446704 8.29300066320991 7.613886261299153 35.583486788115636 11.933662807369748 15.209947402933386 15.209947402933386 15.209947402933386 15.209947402933386 15.209947402933386 15.209947402933386 15.209947402933386 15.209947402933386 15.209947402933386 15.209947402933386 15.209947402933386 20.14225657665993 17.691085325666144
9 24.02661332772474 3.7617793662042427 17.333861658614907 29.715176593787895 27.61745658093808 28.372498303815263 29.932681603892423 2.141881415951872 0.0 27.43804847287795 40.77310804930132 6.025309950533664 19.354356305493603 22.663604744170776 25.965494410852262 26.68385946597681 19.661840910759093 2.415153825328731 10.507756373270176 24.88059179360491 7.082981575579594 15.396812657170315 8.304138727164906 33.97807775610622 32.75028549493882 6.25518984524051 16.02045704716317 19.14586472322418 10.33933169987306 5.515044877423937 34.7491504932135 9.804828402374007 14.282260465346514 14.282260465346514 14.282260465346514 14.282260465346514 14.282260465346514 14.282260465346514 14.282260465346514 14.282260465346514 14.282260465346514 14.282260465346514 14.282260465346514 18.25636776579613 18.184360423176837
10 35.86048304192234 31.16378231216487 40.003016086290295 43.54565457080649 41.58328130390866 1.1510847058318514 46.317560600705214 29.571109143892453 27.43804847287795 0.0 36.22265440301138 33.30991155797325 9.626560133297874 40.94653572648119 14.109840679469063 15.222612259398844 17.25081806755842 29.832033789200494 17.125612397809313 34.07852438119937 32.124613678610984 21.81069920933302 19.72771552917367 30.933819421468147 29.69996377102167 23.22518426191706 29.53569697840225 25.24705258044986 37.28806313017612 21.992536915963107 33.21550655943696 17.639038182395318 24.452904694534755 24.452904694534755 24.452904694534755 24.452904694534755 24.452904694534755 24.452904694534755 24.452904694534755 24.452904694534755 24.452904694534755 24.452904694534755 24.452904694534755 13.19729320732096 35.745217134604175
11 22.444834595068862 43.19119433403063 36.844365919364115 25.59564658296406 25.336097410611604 37.08746440510593 29.96610258275173 41.69495533035141 40.77310804930132 36.22265440301138 0.0 42.75412742648363 31.135422528046732 30.962350556764903 22.416973033842012 21.21528203913396 23.658466560620532 42.28549448688049 38.31642431125326 19.575302092177274 38.39706082501628 25.61265663690512 35.061745820765964 6.832807036643137 8.135830135886563 42.62689596956362 26.381141294492924 21.654681987967404 43.572011934268076 37.65519379846557 6.304827991309515 36.678260045972735 26.50839866910108 26.50839866910108 26.50839866910108 26.50839866910108 26.50839866910108 26.50839866910108 26.50839866910108 26.50839866910108 26.50839866910108 26.50839866910108 26.50839866910108 28.131818284639902 29.49561323315723
12 23.483991568726136 2.941882390579202 13.348002397362684 27.867012757021516 25.926594917188797 34.27174375487772 27.233901887169967 3.9232394777785364 6.025309950533664 33.30991155797325 42.75412742648363 0.0 24.861646687216837 19.97452627723621 30.538610642922187 31.11114147696931 23.778600883988105 3.8979830682033487 16.514846896050837 25.03946133605913 4.551028455195594 18.612291207693907 13.7679084831357 36.139286987985805 35.02345785327314 11.907355709812316 16.584287141749567 21.325888117497005 4.403882378084137 11.320087632169637 36.521051737319944 15.6870072352887 16.699112431503657 16.699112431503657 16.699112431503657 16.699112431503657 16.699112431503657 16.699112431503657 16.699112431503657 16.699112431503657 16.699112431503657 16.699112431503657 16.699112431503657 23.262939539103826 16.509280904994014
13 26.684087243149243 23.10615718807435 30.450026272566664 34.36022473733255 32.33546560666786 10.76359382362601 36.91692316539936 21.397149062433524 19.354356305493603 9.626560133297874 31.135422528046732 24.861646687216837 0.0 31.359762371548673 9.486510844351574 10.659420246898984 8.68016082800313 21.76098426082791 10.352851781031157 25.188942732873883 23.069232150203874 12.31639573901391 11.111925305724476 24.91777590396061 23.573049781477156 16.646387836404628 19.973650242256674 16.17087319843922 28.535058156590463 13.867227696983992 26.875224873477805 9.936628804579549 14.871753897909956 14.871753897909956 14.871753897909956 14.871753897909956 14.871753897909956 14.871753897909956 14.871753897909956 14.871753897909956 14.871753897909956 14.871753897909956 14.871753897909956 3.9009055358980436 26.136584780724508
14 8.68225086023204 22.26799793425534 7.632435260125041 8.394008577551014 6.941258099220918 42.093492133582835 7.308181169073464 21.85695102250083 22.663604744170776 40.94653572648119 30.962350556764903 19.97452627723621 31.359762371548673 0.0 30.963248537580807 30.753973141693415 24.56159766790426 22.314828522755892 29.110248161085813 11.751006935577905 16.016262984853864 19.182498377427276 24.265056439250248 26.002769160225995 25.50125683177204 28.334310296882116 11.42373143942031 16.837798074570202 17.871624436519472 24.335567468214094 25.02577631163517 27.289001007732033 16.494081847741633 16.494081847741633 16.494081847741633 16.494081847741633 16.494081847741633 16.494081847741633 16.494081847741633 16.494081847741633 16.494081847741633 16.494081847741633 16.494081847741633 27.784145407048243 5.305726717425238
15 24.143868124225666 29.486668241766484 32.35953058992049 31.572858280491488 29.84788582127719 15.092759853651684 34.97849693740427 27.729348279395246 25.965494410852262 14.109840679469063 22.416973033842012 30.538610642922187 9.486510844351574 30.963248537580807 0.0 1.2223158347988456 7.090162762588742 28.211011821627384 19.018439578472258 21.77105022730874 27.574431054874005 13.041749115820316 17.933580233740276 16.838650420980894 15.592978548051684 24.87857110044707 20.05421013154096 14.126005663314736 33.428706825122624 20.969189302402704 19.105779230379483 18.015817494635098 15.844240089067068 15.844240089067068 15.844240089067068 15.844240089067068 15.844240089067068 15.844240089067068 15.844240089067068 15.844240089067068 15.844240089067068 15.844240089067068 15.844240089067068 8.041886843272541 26.33264027779972
16 23.707973511036325 30.155216132536673 32.43881286360523 31.049420799750838 29.373659084288427 16.18402422143516 34.54681056190282 28.401576083027503 26.68385946597681 15.222612259398844 21.21528203913396 31.11114147696931 10.659420246898984 30.753973141693415 1.2223158347988456 0.0 7.431024693809059 28.895418668017257 20.035969754419177 21.240498770038332 28.018005781996692 13.280132077656457 18.750651935332808 15.711218539629572 14.483554950356629 25.811247858249708 20.02378126129029 13.93709080116794 33.88519015735341 21.785150630647475 18.006804269497685 18.97051459502351 16.021230914009074 16.021230914009074 16.021230914009074 16.021230914009074 16.021230914009074 16.021230914009074 16.021230914009074 16.021230914009074 16.021230914009074 16.021230914009074 16.021230914009074 8.996434849427857 26.237832227529776
17 18.669252797045736 22.989502038974223 25.377488370601217 26.337253691301985 24.417678349916887 18.388469865652226 29.297636355173772 21.2518672120828 19.661840910759093 17.25081806755842 23.658466560620532 23.778600883988105 8.68016082800313 24.56159766790426 7.090162762588742 7.431024693809059 0.0 21.77150330133406 14.746834372162725 16.83027617123379 20.591284564106243 5.971128201604785 12.226628807647675 17.04928491169058 15.687164817136335 19.71544744610175 13.316944093897819 8.075988360566154 26.460649122801197 15.174957396974794 18.745161082263337 13.241949403316719 8.80992167956106 8.80992167956106 8.80992167956106 8.80992167956106 8.80992167956106 8.80992167956106 8.80992167956106 8.80992167956106 8.80992167956106 8.80992167956106 8.80992167956106 4.910266795195552 19.675332779904892
18 24.55479659862814 1.346931327128446 16.372199363555282 29.759730106303046 27.715108731520427 30.758395601851536 29.62256741067526 0.5940774360300177 2.415153825328731 29.832033789200494 42.28549448688049 3.8979830682033487 21.76098426082791 22.314828522755892 28.211011821627384 28.895418668017257 21.77150330133406 0.0 12.840518681112536 25.682477139092327 6.312454039436643 17.20039185600142 10.688545270522084 35.53388062117618 34.33955957783967 8.01006167267144 16.881165954992564 20.63343306384083 8.300965967885904 7.930185369838464 36.17614379670669 12.208143020132097 15.797240898334113 15.797240898334113 15.797240898334113 15.797240898334113 15.797240898334113 15.797240898334113 15.797240898334113 15.797240898334113 15.797240898334113 15.797240898334113 15.797240898334113 20.583119782967792 18.205516197021165
19 27.338790097588447 14.145478712295317 25.749832931496858 34.42875414533613 32.26483664920683 18.000638766443817 35.848900959443654 12.646668177824544 10.507756373270176 17.125612397809313 38.31642431125326 16.514846896050837 10.352851781031157 29.110248161085813 19.018439578472258 20.035969754419177 14.746834372162725 12.840518681112536 0.0 26.98149780868364 16.29344665808926 13.84602181133628 4.889670745561506 31.593920048009238 30.24274802328651 6.360033333245982 19.118574110011448 18.67264373354775 20.732547648564562 5.468765857119869 33.04957300783173 1.9520829900391017 14.797120936182147 14.797120936182147 14.797120936182147 14.797120936182147 14.797120936182147 14.797120936182147 14.797120936182147 14.797120936182147 14.797120936182147 14.797120936182147 14.797120936182147 11.069723935130451 23.903363529009887
20 3.0852610910585834 26.24817098389905 17.28337420760194 9.809008104798364 8.206710668714962 35.213544496400814 13.476203174485015 25.101448563778145 24.88059179360491 34.07852438119937 19.575302092177274 25.03946133605913 25.188942732873883 11.751006935577905 21.77105022730874 21.240498770038332 16.83027617123379 25.682477139092327 26.98149780868364 0.0 20.489771985066113 13.547391483233959 22.343474573127608 14.262370069522106 13.753676744783556 28.82929288067954 8.860208801151359 9.04352851491054 24.904165515029806 23.856781342000016 13.435774484561728 25.03312565382118 12.18955306809893 12.18955306809893 12.18955306809893 12.18955306809893 12.18955306809893 12.18955306809893 12.18955306809893 12.18955306809893 12.18955306809893 12.18955306809893 12.18955306809893 21.289838045415003 9.995659257897902
21 18.95478831324687 6.293342831913734 10.252685306786706 23.61735573683049 21.620133579605838 33.16166377008246 23.32421951534499 5.886732540212779 7.082981575579594 32.124613678610984 38.39706082501628 4.551028455195594 23.069232150203874 16.016262984853864 27.574431054874005 28.018005781996692 20.591284564106243 6.312454039436643 16.29344665808926 20.489771985066113 0.0 15.019221417903127 12.451983456461866 31.85274047864642 30.775177334988665 13.273850534038717 12.105354187300758 17.184106261310188 5.872027929088891 10.82583816616524 32.135375896354475 14.999855465970331 12.782301827135832 12.782301827135832 12.782301827135832 12.782301827135832 12.782301827135832 12.782301827135832 12.782301827135832 12.782301827135832 12.782301827135832 12.782301827135832 12.782301827135832 20.87206841690588 12.129766691903024
22 14.577878172079778 18.288533894219075 19.436461612135066 22.186013792477453 20.115897096575132 22.96085825922019 24.605079556871992 16.63386257007073 15.396812657170315 21.81069920933302 25.61265663690512 18.612291207693907 12.31639573901391 19.182498377427276 13.041749115820316 13.280132077656457 5.971128201604785 17.20039185600142 13.84602181133628 13.547391483233959 15.019221417903127 0.0 9.72248939315441 18.780614899411574 17.50292501269431 17.13022708547671 7.760334271150954 4.830802003808477 20.874916718396747 12.08600016548072 19.83403872134972 11.954216829219721 2.870685632388193 2.870685632388193 2.870685632388193 2.870685632388193 2.870685632388193 2.870685632388193 2.870685632388193 2.870685632388193 2.870685632388193 2.870685632388193 2.870685632388193 8.61724062562953 14.07923421212958
23 22.544352108676797 12.027704352868005 21.273578918461276 29.558378981263502 27.39310051819618 20.743611353860253 30.96281414858798 10.301267106526264 8.304138727164906 19.72771552917367 35.061745820765964 13.7679084831357 11.111925305724476 24.265056439250248 17.933580233740276 18.750651935332808 12.226628807647675 10.688545270522084 4.889670745561506 22.343474573127608 12.451983456461866 9.72248939315441 0.0 28.246092402312925 26.926468465062403 7.590965682968142 14.270094183291153 14.431260790381415 17.58502510660704 3.035951251255527 29.465645962713936 3.023947750871368 10.176983639566293 10.176983639566293 10.176983639566293 10.176983639566293 10.176983639566293 10.176983639566293 10.176983639566293 10.176983639566293 10.176983639566293 10.176983639566293 10.176983639566293 10.03927268281921 19.035624392175844
24 17.320518352520516 36.46804299657441 31.162086964771795 22.065230567569422 21.29648092995648 31.889299082921216 26.37704100159834 34.94534246505533 33.97807775610622 30.933819421468147 6.832807036643137 36.139286987985805 24.91777590396061 26.002769160225995 16.838650420980894 15.711218539629572 17.04928491169058 35.53388062117618 31.593920048009238 14.262370069522106 31.85274047864642 18.780614899411574 28.246092402312925 0.0 1.3624477971650877 35.80323516108565 19.985779444394957 14.906502205413583 37.18091472785467 30.824083052055254 2.4835692058003946 29.921623284842017 19.739001089214216 19.739001089214216 19.739001089214216 19.739001089214216 19.739001089214216 19.739001089214216 19.739001089214216 19.739001089214216 19.739001089214216 19.739001089214216 19.739001089214216 21.686405050169103 23.768806532933034
25 16.834985595479434 35.29196724468615 30.414330964201728 21.983729437927497 21.08951218022835 30.667577993705336 26.246308159434538 33.7526628282866 32.75028549493882 29.69996377102167 8.135830135886563 35.02345785327314 23.573049781477156 25.50125683177204 15.592978548051684 14.483554950356629 15.687164817136335 34.33955957783967 30.24274802328651 13.753676744783556 30.775177334988665 17.50292501269431 26.926468465062403 1.3624477971650877 0.0 34.49124468615188 19.00196884535916 13.736780700003914 36.165054126877784 29.525090753459168 3.5341675115930773 28.577107551325064 18.542824919628618 18.542824919628618 18.542824919628618 18.542824919628618 18.542824919628618 18.542824919628618 18.542824919628618 18.542824919628618 18.542824919628618 18.542824919628618 18.542824919628618 20.326838317849628 23.032419673147675
26 28.503428355199663 9.101515478204714 23.483735648316262 34.84710375339678 32.70056861890937 24.025926412939835 35.49804710121389 8.065438363784077 6.25518984524051 23.22518426191706 42.62689596956362 11.907355709812316 16.646387836404628 28.334310296882116 24.87857110044707 25.811247858249708 19.71544744610175 8.01006167267144 6.360033333245982 28.82929288067954 13.273850534038717 17.13022708547671 7.590965682968142 35.80323516108565 34.49124468615188 0.0 20.170418042271706 21.655800516258914 16.31091965524936 5.090241644558732 36.957477457207496 6.880263076365612 17.04356077819421 17.04356077819421 17.04356077819421 17.04356077819421 17.04356077819421 17.04356077819421 17.04356077819421 17.04356077819421 17.04356077819421 17.04356077819421 17.04356077819421 16.836714762684554 23.526388673147437
27 8.362320252178819 17.51929644706088 12.573555264920103 15.329246426357688 13.172082599194402 30.684045235268442 17.17057669386791 16.294811566876128 16.02045704716317 29.53569697840225 26.381141294492924 16.584287141749567 19.973650242256674 11.42373143942031 20.05421013154096 20.02378126129029 13.316944093897819 16.881165954992564 19.118574110011448 8.860208801151359 12.105354187300758 7.760334271150954 14.270094183291153 19.985779444394957 19.00196884535916 20.170418042271706 0.0 6.395501231334414 17.206611984931836 15.331368758202904 20.091658766761892 17.182288555370036 5.10961524970325 5.10961524970325 5.10961524970325 5.10961524970325 5.10961524970325 5.10961524970325 5.10961524970325 5.10961524970325 5.10961524970325 5.10961524970325 5.10961524970325 16.361789877638692 6.364602737013521
28 10.614804190374874 21.56188674490245 18.96244920889704 18.298604099766738 16.351576927012268 26.392226507060748 21.228863841477715 20.043741766446704 19.14586472322418 25.24705258044986 21.654681987967404 21.325888117497005 16.17087319843922 16.837798074570202 14.126005663314736 13.93709080116794 8.075988360566154 20.63343306384083 18.67264373354775 9.04352851491054 17.184106261310188 4.830802003808477 14.431260790381415 14.906502205413583 13.736780700003914 21.655800516258914 6.395501231334414 0.0 22.777583102691118 16.56765909837597 15.605607325573716 16.772377410492528 4.863630331347151 4.863630331347151 4.863630331347151 4.863630331347151 4.863630331347151 4.863630331347151 4.863630331347151 4.863630331347151 4.863630331347151 4.863630331347151 4.863630331347151 12.279694621610098 12.349854250152106
29 22.89061799078391 7.290027434790625 10.526497803163215 26.14234304724808 24.37671429869087 38.28142212614364 24.880636165500267 8.29300066320991 10.33933169987306 37.28806313017612 43.572011934268076 4.403882378084137 28.535058156590463 17.871624436519472 33.428706825122624 33.88519015735341 26.460649122801197 8.300965967885904 20.732547648564562 24.904165515029806 5.872027929088891 20.874916718396747 17.58502510660704 37.18091472785467 36.165054126877784 16.31091965524936 17.206611984931836 22.777583102691118 0.0 15.400729463242966 37.27284105082413 19.763790931903724 18.558925830984936 18.558925830984936 18.558925830984936 18.558925830984936 18.558925830984936 18.558925830984936 18.558925830984936 18.558925830984936 18.558925830984936 18.558925830984936 18.558925830984936 26.576111980498577 15.445961543393793
30 23.693431410414153 9.276789962050449 20.433730936860258 30.321123462035505 28.15860287727358 22.951663381986062 31.314177300385843 7.613886261299153 5.515044877423937 21.992536915963107 37.65519379846557 11.320087632169637 13.867227696983992 24.335567468214094 20.969189302402704 21.785150630647475 15.174957396974794 7.930185369838464 5.468765857119869 23.856781342000016 10.82583816616524 12.08600016548072 3.035951251255527 30.824083052055254 29.525090753459168 5.090241644558732 15.331368758202904 16.56765909837597 15.400729463242966 0.0 31.91973264299061 4.3716198370855635 11.964381973173541 11.964381973173541 11.964381973173541 11.964381973173541 11.964381973173541 11.964381973173541 11.964381973173541 11.964381973173541 11.964381973173541 11.964381973173541 11.964381973173541 13.055360431638798 19.283423866108425
31 16.396589401457856 37.04392835539989 30.640473951947936 20.43489809125556 19.858499842636654 34.18948668816191 24.793460428104826 35.583486788115636 34.7491504932135 33.21550655943696 6.304827991309515 36.521051737319944 26.875224873477805 25.02577631163517 19.105779230379483 18.006804269497685 18.745161082263337 36.17614379670669 33.04957300783173 13.435774484561728 32.135375896354475 19.83403872134972 29.465645962713936 2.4835692058003946 3.5341675115930773 36.957477457207496 20.091658766761892 15.605607325573716 37.27284105082413 31.91973264299061 0.0 31.31567990639833 20.46797791673618 20.46797791673618 20.46797791673618 20.46797791673618 20.46797791673618 20.46797791673618 20.46797791673618 20.46797791673618 20.46797791673618 20.46797791673618 20.46797791673618 23.505448730028533 23.26736168971463
32 25.38971413781573 13.547012807257547 24.172000744663237 32.50003772305503 30.337283991814427 18.58768646174128 33.97062872541514 11.933662807369748 9.804828402374007 17.639038182395318 36.678260045972735 15.6870072352887 9.936628804579549 27.289001007732033 18.015817494635098 18.97051459502351 13.241949403316719 12.208143020132097 1.9520829900391017 25.03312565382118 14.999855465970331 11.954216829219721 3.023947750871368 29.921623284842017 28.577107551325064 6.880263076365612 17.182288555370036 16.772377410492528 19.763790931903724 4.3716198370855635 31.31567990639833 0.0 12.846985327305392 12.846985327305392 12.846985327305392 12.846985327305392 12.846985327305392 12.846985327305392 12.846985327305392 12.846985327305392 12.846985327305392 12.846985327305392 12.846985327305392 9.97862876351255 22.057131091780725
33 12.686630758400751 16.75889602569334 16.57325037522815 20.10314572399056 17.98065916478036 25.59956405878819 22.220254724012502 15.209947402933386 14.282260465346514 24.452904694534755 26.50839866910108 16.699112431503657 14.871753897909956 16.494081847741633 15.844240089067068 16.021230914009074 8.80992167956106 15.797240898334113 14.797120936182147 12.18955306809893 12.782301827135832 2.870685632388193 10.176983639566293 19.739001089214216 18.542824919628618 17.04356077819421 5.10961524970325 4.863630331347151 18.558925830984936 11.964381973173541 20.46797791673618 12.846985327305392 0.0 0.0 0.0 0.0 0.0 0.0 0.0 0.0 0.0 0.0 0.0 11.313708498984761 11.313708498984761
34 12.686630758400751 16.75889602569334 16.57325037522815 20.10314572399056 17.98065916478036 25.59956405878819 22.220254724012502 15.209947402933386 14.282260465346514 24.452904694534755 26.50839866910108 16.699112431503657 14.871753897909956 16.494081847741633 15.844240089067068 16.021230914009074 8.80992167956106 15.797240898334113 14.797120936182147 12.18955306809893 12.782301827135832 2.870685632388193 10.176983639566293 19.739001089214216 18.542824919628618 17.04356077819421 5.10961524970325 4.863630331347151 18.558925830984936 11.964381973173541 20.46797791673618 12.846985327305392 0.0 0.0 0.0 0.0 0.0 0.0 0.0 0.0 0.0 0.0 0.0 11.313708498984761 11.313708498984761
35 12.686630758400751 16.75889602569334 16.57325037522815 20.10314572399056 17.98065916478036 25.59956405878819 22.220254724012502 15.209947402933386 14.282260465346514 24.452904694534755 26.50839866910108 16.699112431503657 14.871753897909956 16.494081847741633 15.844240089067068 16.021230914009074 8.80992167956106 15.797240898334113 14.797120936182147 12.18955306809893 12.782301827135832 2.870685632388193 10.176983639566293 19.739001089214216 18.542824919628618 17.04356077819421 5.10961524970325 4.863630331347151 18.558925830984936 11.964381973173541 20.46797791673618 12.846985327305392 0.0 0.0 0.0 0.0 0.0 0.0 0.0 0.0 0.0 0.0 0.0 11.313708498984761 11.313708498984761
36 12.686630758400751 16.75889602569334 16.57325037522815 20.10314572399056 17.98065916478036 25.59956405878819 22.220254724012502 15.209947402933386 14.282260465346514 24.452904694534755 26.50839866910108 16.699112431503657 14.871753897909956 16.494081847741633 15.844240089067068 16.021230914009074 8.80992167956106 15.797240898334113 14.797120936182147 12.18955306809893 12.782301827135832 2.870685632388193 10.176983639566293 19.739001089214216 18.542824919628618 17.04356077819421 5.10961524970325 4.863630331347151 18.558925830984936 11.964381973173541 20.46797791673618 12.846985327305392 0.0 0.0 0.0 0.0 0.0 0.0 0.0 0.0 0.0 0.0 0.0 11.313708498984761 11.313708498984761
37 12.686630758400751 16.75889602569334 16.57325037522815 20.10314572399056 17.98065916478036 25.59956405878819 22.220254724012502 15.209947402933386 14.282260465346514 24.452904694534755 26.50839866910108 16.699112431503657 14.871753897909956 16.494081847741633 15.844240089067068 16.021230914009074 8.80992167956106 15.797240898334113 14.797120936182147 12.18955306809893 12.782301827135832 2.870685632388193 10.176983639566293 19.739001089214216 18.542824919628618 17.04356077819421 5.10961524970325 4.863630331347151 18.558925830984936 11.964381973173541 20.46797791673618 12.846985327305392 0.0 0.0 0.0 0.0 0.0 0.0 0.0 0.0 0.0 0.0 0.0 11.313708498984761 11.313708498984761
38 12.686630758400751 16.75889602569334 16.57325037522815 20.10314572399056 17.98065916478036 25.59956405878819 22.220254724012502 15.209947402933386 14.282260465346514 24.452904694534755 26.50839866910108 16.699112431503657 14.871753897909956 16.494081847741633 15.844240089067068 16.021230914009074 8.80992167956106 15.797240898334113 14.797120936182147 12.18955306809893 12.782301827135832 2.870685632388193 10.176983639566293 19.739001089214216 18.542824919628618 17.04356077819421 5.10961524970325 4.863630331347151 18.558925830984936 11.964381973173541 20.46797791673618 12.846985327305392 0.0 0.0 0.0 0.0 0.0 0.0 0.0 0.0 0.0 0.0 0.0 11.313708498984761 11.313708498984761
39 12.686630758400751 16.75889602569334 16.57325037522815 20.10314572399056 17.98065916478036 25.59956405878819 22.220254724012502 15.209947402933386 14.282260465346514 24.452904694534755 26.50839866910108 16.699112431503657 14.871753897909956 16.494081847741633 15.844240089067068 16.021230914009074 8.80992167956106 15.797240898334113 14.797120936182147 12.18955306809893 12.782301827135832 2.870685632388193 10.176983639566293 19.739001089214216 18.542824919628618 17.04356077819421 5.10961524970325 4.863630331347151 18.558925830984936 11.964381973173541 20.46797791673618 12.846985327305392 0.0 0.0 0.0 0.0 0.0 0.0 0.0 0.0 0.0 0.0 0.0 11.313708498984761 11.313708498984761
40 12.686630758400751 16.75889602569334 16.57325037522815 20.10314572399056 17.98065916478036 25.59956405878819 22.220254724012502 15.209947402933386 14.282260465346514 24.452904694534755 26.50839866910108 16.699112431503657 14.871753897909956 16.494081847741633 15.844240089067068 16.021230914009074 8.80992167956106 15.797240898334113 14.797120936182147 12.18955306809893 12.782301827135832 2.870685632388193 10.176983639566293 19.739001089214216 18.542824919628618 17.04356077819421 5.10961524970325 4.863630331347151 18.558925830984936 11.964381973173541 20.46797791673618 12.846985327305392 0.0 0.0 0.0 0.0 0.0 0.0 0.0 0.0 0.0 0.0 0.0 11.313708498984761 11.313708498984761
41 12.686630758400751 16.75889602569334 16.57325037522815 20.10314572399056 17.98065916478036 25.59956405878819 22.220254724012502 15.209947402933386 14.282260465346514 24.452904694534755 26.50839866910108 16.699112431503657 14.871753897909956 16.494081847741633 15.844240089067068 16.021230914009074 8.80992167956106 15.797240898334113 14.797120936182147 12.18955306809893 12.782301827135832 2.870685632388193 10.176983639566293 19.739001089214216 18.542824919628618 17.04356077819421 5.10961524970325 4.863630331347151 18.558925830984936 11.964381973173541 20.46797791673618 12.846985327305392 0.0 0.0 0.0 0.0 0.0 0.0 0.0 0.0 0.0 0.0 0.0 11.313708498984761 11.313708498984761
42 12.686630758400751 16.75889602569334 16.57325037522815 20.10314572399056 17.98065916478036 25.59956405878819 22.220254724012502 15.209947402933386 14.282260465346514 24.452904694534755 26.50839866910108 16.699112431503657 14.871753897909956 16.494081847741633 15.844240089067068 16.021230914009074 8.80992167956106 15.797240898334113 14.797120936182147 12.18955306809893 12.782301827135832 2.870685632388193 10.176983639566293 19.739001089214216 18.542824919628618 17.04356077819421 5.10961524970325 4.863630331347151 18.558925830984936 11.964381973173541 20.46797791673618 12.846985327305392 0.0 0.0 0.0 0.0 0.0 0.0 0.0 0.0 0.0 0.0 0.0 11.313708498984761 11.313708498984761
43 12.686630758400751 16.75889602569334 16.57325037522815 20.10314572399056 17.98065916478036 25.59956405878819 22.220254724012502 15.209947402933386 14.282260465346514 24.452904694534755 26.50839866910108 16.699112431503657 14.871753897909956 16.494081847741633 15.844240089067068 16.021230914009074 8.80992167956106 15.797240898334113 14.797120936182147 12.18955306809893 12.782301827135832 2.870685632388193 10.176983639566293 19.739001089214216 18.542824919628618 17.04356077819421 5.10961524970325 4.863630331347151 18.558925830984936 11.964381973173541 20.46797791673618 12.846985327305392 0.0 0.0 0.0 0.0 0.0 0.0 0.0 0.0 0.0 0.0 0.0 11.313708498984761 11.313708498984761
44 22.822940213741084 21.897136707798126 27.398405574047555 30.506269322878534 28.498001754509033 14.348020072469929 33.14712234870472 20.14225657665993 18.25636776579613 13.19729320732096 28.131818284639902 23.262939539103826 3.9009055358980436 27.784145407048243 8.041886843272541 8.996434849427857 4.910266795195552 20.583119782967792 11.069723935130451 21.289838045415003 20.87206841690588 8.61724062562953 10.03927268281921 21.686405050169103 20.326838317849628 16.836714762684554 16.361789877638692 12.279694621610098 26.576111980498577 13.055360431638798 23.505448730028533 9.97862876351255 11.313708498984761 11.313708498984761 11.313708498984761 11.313708498984761 11.313708498984761 11.313708498984761 11.313708498984761 11.313708498984761 11.313708498984761 11.313708498984761 11.313708498984761 0.0 22.627416997969522
45 7.550801281983258 18.39120974813783 7.394094129776819 11.560297055006847 9.511682501008956 36.88915396156437 12.031114661576456 17.691085325666144 18.184360423176837 35.745217134604175 29.49561323315723 16.509280904994014 26.136584780724508 5.305726717425238 26.33264027779972 26.237832227529776 19.675332779904892 18.205516197021165 23.903363529009887 9.995659257897902 12.129766691903024 14.07923421212958 19.035624392175844 23.768806532933034 23.032419673147675 23.526388673147437 6.364602737013521 12.349854250152106 15.445961543393793 19.283423866108425 23.26736168971463 22.057131091780725 11.313708498984761 11.313708498984761 11.313708498984761 11.313708498984761 11.313708498984761 11.313708498984761 11.313708498984761 11.313708498984761 11.313708498984761 11.313708498984761 11.313708498984761 22.627416997969522 0.0
;
param arr := 1 0.0 2 0.0 3 0.0 4 0.0 5 0.0 6 0.0 7 0.0 8 0.0 9 53.0 10 105.0 11 74.0 12 3.0 13 172.0 14 61.0 15 179.0 16 154.0 17 138.0 18 125.0 19 95.0 20 195.0 21 103.0 22 103.0 23 142.0 24 157.0 25 0.0 26 0.0 27 0.0 28 0.0 29 0.0 30 0.0 31 0.0 32 0.0 33 0.0 34 0.0 35 0.0 36 0.0 37 0.0 38 0.0 39 0.0 40 0.0 41 0.0 42 0.0 43 0.0 44 0.0 45 0.0;
param dep := 1 1440.0 2 1440.0 3 1440.0 4 1440.0 5 1440.0 6 1440.0 7 1440.0 8 1440.0 9 68.0 10 120.0 11 89.0 12 18.0 13 187.0 14 76.0 15 194.0 16 169.0 17 153.0 18 140.0 19 110.0 20 210.0 21 118.0 22 118.0 23 157.0 24 172.0 25 1440.0 26 1440.0 27 1440.0 28 1440.0 29 1440.0 30 1440.0 31 1440.0 32 1440.0 33 240.0 34 240.0 35 240.0 36 240.0 37 240.0 38 240.0 39 240.0 40 240.0 41 240.0 42 240.0 43 240.0 44 240.0 45 240.0;
param d := 1 3.0 2 3.0 3 3.0 4 3.0 5 3.0 6 3.0 7 3.0 8 3.0 9 3.0 10 3.0 11 3.0 12 3.0 13 3.0 14 3.0 15 3.0 16 3.0 17 3.0 18 3.0 19 3.0 20 3.0 21 3.0 22 3.0 23 3.0 24 3.0 25 3.0 26 3.0 27 3.0 28 3.0 29 3.0 30 3.0 31 3.0 32 3.0 33 0.0 34 0.0 35 0.0 36 0.0 37 0.0 38 0.0 39 0.0 40 0.0 41 0.0 42 0.0 43 0.0 44 0.0 45 0.0;
param l := 1 1.0 2 1.0 3 1.0 4 1.0 5 1.0 6 1.0 7 1.0 8 1.0 9 1.0 10 1.0 11 1.0 12 1.0 13 1.0 14 1.0 15 1.0 16 1.0 17 -1.0 18 -1.0 19 -1.0 20 -1.0 21 -1.0 22 -1.0 23 -1.0 24 -1.0 25 -1.0 26 -1.0 27 -1.0 28 -1.0 29 -1.0 30 -1.0 31 -1.0 32 -1.0 33 0.0 34 0.0 35 0.0 36 0.0 37 0.0 38 0.0 39 0.0 40 0.0 41 0.0 42 0.0 43 0.0 44 0.0 45 0.0;
param u := 1 8 2 8 3 8 4 8 5 8 6 8 7 8 8 8 9 8 10 8 11 8 12 8 13 8 14 8 15 8 16 8;
param c := 1 3 2 3 3 3 4 3;
param Q := 3.5;
param Binit := 1 3.5 2 3.5 3 3.5 4 3.5;
param r := 0.0;
param beta:
 1 2 3 4 5 6 7 8 9 10 11 12 13 14 15 16 17 18 19 20 21 22 23 24 25 26 27 28 29 30 31 32 33 34 35 36 37 38 39 40 41 42 43 44 45:=
1 0.0 1.7860772186803682 1.042702118671004 0.5497023603342085 0.4116131236197407 2.645944522599444 0.7750157267797861 1.7154268615784822 1.717902852932319 2.5640245374974477 1.6048056735474239 1.679105397163919 1.9079122378851712 0.6207809365065909 1.7262865708821353 1.6951201060390975 1.3348515749887704 1.7556679568019122 1.9547234919775742 0.22059616801068874 1.3552673643971513 1.0423182893037042 1.6119211757703913 1.238417062205217 1.2037014700767796 2.0379951273967762 0.5979058980307856 0.7589584996118036 1.6366791863410497 1.694080345844612 1.1723561422042368 1.815364560853825 0.9070940992256538 0.9070940992256538 0.9070940992256538 0.9070940992256538 0.9070940992256538 0.9070940992256538 0.9070940992256538 0.9070940992256538 0.9070940992256538 0.9070940992256538 0.9070940992256538 1.6318402252824877 0.539882291661803
2 1.7860772186803682 0.0 1.1443324267012625 2.1382122997354593 1.9945605193187297 2.2941020607926323 2.1142488873093916 0.12575709769233703 0.2689672246836034 2.2282104353197885 3.08817039488319 0.21034459092641297 1.6520902389473162 1.592161852299257 2.1082967792863037 2.1560979534763725 1.6437493957866571 0.09630558988968389 1.0114017279291152 1.8767442253487823 0.44997401248183205 1.307630173436664 0.8599808612300625 2.607465074255071 2.52337565799506 0.6507583566916372 1.252629695964853 1.5416749022605252 0.5212369615875297 0.6632904822866071 2.6486408774110926 0.9686114157189147 1.1982610658370738 1.1982610658370738 1.1982610658370738 1.1982610658370738 1.1982610658370738 1.1982610658370738 1.1982610658370738 1.1982610658370738 1.1982610658370738 1.1982610658370738 1.1982610658370738 1.5656452746075662 1.314971496991855
3 1.042702118671004 1.1443324267012625 0.0 1.1458903639161997 1.036325262168688 2.9395472523892185 1.02816495819348 1.1458466772705678 1.239371108590966 2.8602156501697564 2.6343721632345347 0.954382171411432 2.177176878488517 0.5457191210989405 2.3137064371793152 2.3193751197477743 1.8144904184979873 1.1706122544942028 1.8411130546020256 1.235761255843539 0.7330669994352496 1.3897070052676574 1.5210608926699813 2.2280892179811835 2.1746246639404236 1.679087098854613 0.8990092014417874 1.3558151184361387 0.7526445929261699 1.4610117619855085 2.190793887564278 1.7282980532434216 1.1849874018288127 1.1849874018288127 1.1849874018288127 1.1849874018288127 1.1849874018288127 1.1849874018288127 1.1849874018288127 1.1849874018288127 1.1849874018288127 1.1849874018288127 1.1849874018288127 1.9589859985444005 0.5286777302790426
