param n := 16;
param numVehicles := 4;
set Origin := 33 35 36 37 38;
set S := 43 44 45;
set F := 34 39 40 41 42;
param t:
 1 2 3 4 5 6 7 8 9 10 11 12 13 14 15 16 17 18 19 20 21 22 23 24 25 26 27 28 29 30 31 32 33 34 35 36 37 38 39 40 41 42 43 44 45:=
1 0.0 12.490050480282294 7.291623207489537 3.8440724498895698 2.8784134518862983 18.50310854964646 5.419690397061441 11.995992039010364 12.01330666386237 17.93024152096117 11.222417297534431 11.741995784363068 13.342043621574621 4.34112543011602 12.071934062112833 11.853986755518163 9.334626398522868 12.27739829931407 13.669395048794224 1.5426305455292917 9.477394156623435 7.288939086039889 11.272176054338399 8.660259176260258 8.417492797739717 14.251714177599832 4.181160126089409 5.307402095187437 11.445308995391954 11.846715705207076 8.198294700728928 12.694857068907865 6.343315379200376 6.343315379200376 6.343315379200376 6.343315379200376 6.343315379200376 6.343315379200376 6.343315379200376 6.343315379200376 6.343315379200376 6.343315379200376 6.343315379200376 11.411470106870542 3.775400640991629
2 12.490050480282294 0.0 8.00232466224659 14.952533564583629 13.947975659571535 16.04267175379463 14.784957253911827 0.8794202635827764 1.8808896831021213 15.581891156082435 21.595597167015313 1.470941195289601 11.553078594037174 11.13399896712767 14.743334120883242 15.077608066268336 11.494751019487111 0.673465663564223 7.072739356147658 13.124085491949526 3.146671415956867 9.144266947109537 6.0138521764340025 18.234021498287206 17.645983622343074 4.550757739102357 8.75964822353044 10.780943372451224 3.6450137173953125 4.6383949810252245 18.521964177699946 6.773506403628773 8.37944801284667 8.37944801284667 8.37944801284667 8.37944801284667 8.37944801284667 8.37944801284667 8.37944801284667 8.37944801284667 8.37944801284667 8.37944801284667 8.37944801284667 10.948568353899063 9.195604874068914
3 7.291623207489537 8.00232466224659 0.0 8.013219328085311 7.2470298053754405 20.556274492232294 7.189964742611747 8.012913827066907 8.666930829307454 20.001508043145147 18.422182959682058 6.674001198681342 15.225013136283332 3.8162176300625203 16.179765294960244 16.219406431802614 12.688744185300608 8.186099681777641 12.874916465748429 8.64168710380097 5.126342653393353 9.718230806067533 10.636789459230638 15.581043482385898 15.207165482100864 11.741867824158131 6.286777632460051 9.48122460444852 5.2632489015816075 10.216865468430129 15.320236975973968 12.086000372331618 8.286625187614074 8.286625187614074 8.286625187614074 8.286625187614074 8.286625187614074 8.286625187614074 8.286625187614074 8.286625187614074 8.286625187614074 8.286625187614074 8.286625187614074 13.699202787023777 3.6970470648884093
4 3.8440724498895698 14.952533564583629 8.013219328085311 0.0 1.083441276673545 22.345374577303463 2.188375881789964 14.624605293819043 14.857588296893947 21.772827285403245 12.79782329148203 13.933506378510758 17.180112368666276 4.197004288775507 15.786429140245744 15.524710399875419 13.168626845650993 14.879865053151523 17.214377072668064 4.904504052399182 11.808677868415245 11.093006896238727 14.779189490631751 11.032615283784711 10.991864718963749 17.42355187669839 7.664623213178844 9.149302049883369 13.07117152362404 15.160561731017753 10.21744904562778 16.250018861527515 10.05157286199528 10.05157286199528 10.05157286199528 10.05157286199528 10.05157286199528 10.05157286199528 10.05157286199528 10.05157286199528 10.05157286199528 10.05157286199528 10.05157286199528 15.253134661439267 5.780148527503424
5 2.8784134518862983 13.947975659571535 7.2470298053754405 1.083441276673545 0.0 21.365310060937563 2.6455373745233692 13.598600847146002 13.80872829046904 20.79164065195433 12.668048705305802 12.963297458594399 16.16773280333393 3.470629049610459 14.923942910638594 14.686829542144213 12.208839174958444 13.857554365760214 16.132418324603414 4.103355334357481 10.810066789802919 10.057948548287566 13.69655025909809 10.64824046497824 10.544756090114175 16.350284309454686 6.586041299597201 8.175788463506134 12.188357149345435 14.07930143863679 9.929249921318327 15.168641995907214 8.99032958239018 8.99032958239018 8.99032958239018 8.99032958239018 8.99032958239018 8.99032958239018 8.99032958239018 8.99032958239018 8.99032958239018 8.99032958239018 8.99032958239018 14.249000877254517 4.755841250504478
6 18.50310854964646 16.04267175379463 20.556274492232294 22.345374577303463 21.365310060937563 0.0 23.73410310081255 15.254739361916348 14.186249151907631 0.5755423529159257 18.543732202552967 17.13587187743886 5.381796911813005 21.046746066791417 7.546379926825842 8.09201211071758 9.194234932826113 15.379197800925768 9.000319383221909 17.606772248200407 16.58083188504123 11.480429129610094 10.371805676930126 15.944649541460608 15.333788996852668 12.012963206469918 15.342022617634221 13.196113253530374 19.14071106307182 11.475831690993031 17.094743344080953 9.29384323087064 12.799782029394095 12.799782029394095 12.799782029394095 12.799782029394095 12.799782029394095 12.799782029394095 12.799782029394095 12.799782029394095 12.799782029394095 12.799782029394095 12.799782029394095 7.174010036234964 18.444576980782184
7 5.419690397061441 14.784957253911827 7.189964742611747 2.188375881789964 2.6455373745233692 23.73410310081255 0.0 14.581348943084793 14.966340801946211 23.158780300352607 14.983051291375865 13.616950943584984 18.45846158269968 3.654090584536732 17.489248468702137 17.27340528095141 14.648818177586886 14.81128370533763 17.924450479721827 6.738101587242507 11.662109757672495 12.302539778435996 15.48140707429399 13.18852050079917 13.123154079717269 17.749023550606946 8.585288346933956 10.614431920738857 12.440318082750133 15.657088650192922 12.396730214052413 16.98531436270757 11.110127362006251 11.110127362006251 11.110127362006251 11.110127362006251 11.110127362006251 11.110127362006251 11.110127362006251 11.110127362006251 11.110127362006251 11.110127362006251 11.110127362006251 16.57356117435236 6.015557330788228
8 11.995992039010364 0.8794202635827764 8.012913827066907 14.624605293819043 13.598600847146002 15.254739361916348 14.581348943084793 0.0 1.070940707975936 14.785554571946227 20.847477665175706 1.9616197388892682 10.698574531216762 10.928475511250415 13.864674139697623 14.200788041513752 10.6259336060414 0.29703871801500886 6.323334088912272 12.550724281889073 2.9433662701063894 8.316931285035364 5.150633553263132 17.472671232527667 16.8763314141433 4.0327191818920385 8.147405783438064 10.021870883223352 4.146500331604955 3.8069431306495765 17.791743394057818 5.966831403684874 7.604973701466693 7.604973701466693 7.604973701466693 7.604973701466693 7.604973701466693 7.604973701466693 7.604973701466693 7.604973701466693 7.604973701466693 7.604973701466693 7.604973701466693 10.071128288329964 8.845542662833072
9 12.01330666386237 1.8808896831021213 8.666930829307454 14.857588296893947 13.80872829046904 14.186249151907631 14.966340801946211 1.070940707975936 0.0 13.719024236438974 20.38655402465066 3.012654975266832 9.677178152746801 11.331802372085388 12.982747205426131 13.341929732988405 9.830920455379546 1.2075769126643654 5.253878186635088 12.440295896802455 3.541490787789797 7.698406328585158 4.152069363582453 16.98903887805311 16.37514274746941 3.127594922620255 8.010228523581585 9.57293236161209 5.16966584993653 2.7575224387119683 17.37457524660675 4.902414201187003 7.141130232673257 7.141130232673257 7.141130232673257 7.141130232673257 7.141130232673257 7.141130232673257 7.141130232673257 7.141130232673257 7.141130232673257 7.141130232673257 7.141130232673257 9.128183882898066 9.092180211588419
10 17.93024152096117 15.581891156082435 20.001508043145147 21.772827285403245 20.79164065195433 0.5755423529159257 23.158780300352607 14.785554571946227 13.719024236438974 0.0 18.11132720150569 16.654955778986626 4.813280066648937 20.473267863240594 7.054920339734531 7.611306129699422 8.62540903377921 14.916016894600247 8.562806198904656 17.039262190599686 16.062306839305492 10.90534960466651 9.863857764586834 15.466909710734074 14.849981885510836 11.61259213095853 14.767848489201125 12.62352629022493 18.64403156508806 10.996268457981554 16.60775327971848 8.819519091197659 12.226452347267378 12.226452347267378 12.226452347267378 12.226452347267378 12.226452347267378 12.226452347267378 12.226452347267378 12.226452347267378 12.226452347267378 12.226452347267378 12.226452347267378 6.59864660366048 17.872608567302088
11 11.222417297534431 21.595597167015313 18.422182959682058 12.79782329148203 12.668048705305802 18.543732202552967 14.983051291375865 20.847477665175706 20.38655402465066 18.11132720150569 0.0 21.377063713241814 15.567711264023366 15.481175278382452 11.208486516921006 10.60764101956698 11.829233280310266 21.142747243440244 19.15821215562663 9.787651046088637 19.19853041250814 12.80632831845256 17.530872910382982 3.4164035183215686 4.067915067943281 21.31344798478181 13.190570647246462 10.827340993983702 21.786005967134038 18.827596899232784 3.1524139956547574 18.339130022986367 13.25419933455054 13.25419933455054 13.25419933455054 13.25419933455054 13.25419933455054 13.25419933455054 13.25419933455054 13.25419933455054 13.25419933455054 13.25419933455054 13.25419933455054 14.065909142319951 14.747806616578615
12 11.741995784363068 1.470941195289601 6.674001198681342 13.933506378510758 12.963297458594399 17.13587187743886 13.616950943584984 1.9616197388892682 3.012654975266832 16.654955778986626 21.377063713241814 0.0 12.430823343608418 9.987263138618106 15.269305321461093 15.555570738484654 11.889300441994052 1.9489915341016744 8.257423448025419 12.519730668029565 2.275514227597797 9.306145603846954 6.88395424156785 18.069643493992903 17.51172892663657 5.953677854906158 8.292143570874783 10.662944058748502 2.2019411890420684 5.660043816084818 18.260525868659972 7.84350361764435 8.349556215751829 8.349556215751829 8.349556215751829 8.349556215751829 8.349556215751829 8.349556215751829 8.349556215751829 8.349556215751829 8.349556215751829 8.349556215751829 8.349556215751829 11.631469769551913 8.254640452497007
13 13.342043621574621 11.553078594037174 15.225013136283332 17.180112368666276 16.16773280333393 5.381796911813005 18.45846158269968 10.698574531216762 9.677178152746801 4.813280066648937 15.567711264023366 12.430823343608418 0.0 15.679881185774336 4.743255422175787 5.329710123449492 4.340080414001565 10.880492130413955 5.176425890515579 12.594471366436942 11.534616075101937 6.158197869506955 5.555962652862238 12.458887951980305 11.786524890738578 8.323193918202314 9.986825121128337 8.08543659921961 14.267529078295231 6.933613848491996 13.437612436738902 4.968314402289774 7.435876948954978 7.435876948954978 7.435876948954978 7.435876948954978 7.435876948954978 7.435876948954978 7.435876948954978 7.435876948954978 7.435876948954978 7.435876948954978 7.435876948954978 1.9504527679490218 13.068292390362254
14 4.34112543011602 11.13399896712767 3.8162176300625203 4.197004288775507 3.470629049610459 21.046746066791417 3.654090584536732 10.928475511250415 11.331802372085388 20.473267863240594 15.481175278382452 9.987263138618106 15.679881185774336 0.0 15.481624268790403 15.376986570846707 12.28079883395213 11.157414261377946 14.555124080542907 5.875503467788953 8.008131492426932 9.591249188713638 12.132528219625124 13.001384580112997 12.75062841588602 14.167155148441058 5.711865719710155 8.418899037285101 8.935812218259736 12.167783734107047 12.512888155817585 13.644500503866016 8.247040923870816 8.247040923870816 8.247040923870816 8.247040923870816 8.247040923870816 8.247040923870816 8.247040923870816 8.247040923870816 8.247040923870816 8.247040923870816 8.247040923870816 13.892072703524121 2.652863358712619
15 12.071934062112833 14.743334120883242 16.179765294960244 15.786429140245744 14.923942910638594 7.546379926825842 17.489248468702137 13.864674139697623 12.982747205426131 7.054920339734531 11.208486516921006 15.269305321461093 4.743255422175787 15.481624268790403 0.0 0.6111579173994228 3.545081381294371 14.105505910813692 9.509219789236129 10.88552511365437 13.787215527437002 6.520874557910158 8.966790116870138 8.419325210490447 7.796489274025842 12.439285550223534 10.02710506577048 7.063002831657368 16.714353412561312 10.484594651201352 9.552889615189741 9.007908747317549 7.922120044533534 7.922120044533534 7.922120044533534 7.922120044533534 7.922120044533534 7.922120044533534 7.922120044533534 7.922120044533534 7.922120044533534 7.922120044533534 7.922120044533534 4.020943421636271 13.16632013889986
16 11.853986755518163 15.077608066268336 16.219406431802614 15.524710399875419 14.686829542144213 8.09201211071758 17.27340528095141 14.200788041513752 13.341929732988405 7.611306129699422 10.60764101956698 15.555570738484654 5.329710123449492 15.376986570846707 0.6111579173994228 0.0 3.7155123469045295 14.447709334008628 10.017984877209589 10.620249385019166 14.009002890998346 6.640066038828229 9.375325967666404 7.855609269814786 7.241777475178314 12.905623929124854 10.011890630645144 6.96854540058397 16.942595078676703 10.892575315323738 9.003402134748843 9.485257297511755 8.010615457004537 8.010615457004537 8.010615457004537 8.010615457004537 8.010615457004537 8.010615457004537 8.010615457004537 8.010615457004537 8.010615457004537 8.010615457004537 8.010615457004537 4.498217424713928 13.118916113764888
17 9.334626398522868 11.494751019487111 12.688744185300608 13.168626845650993 12.208839174958444 9.194234932826113 14.648818177586886 10.6259336060414 9.830920455379546 8.62540903377921 11.829233280310266 11.889300441994052 4.340080414001565 12.28079883395213 3.545081381294371 3.7155123469045295 0.0 10.88575165066703 7.373417186081363 8.415138085616896 10.295642282053121 2.9855641008023923 6.113314403823837 8.52464245584529 7.843582408568167 9.857723723050874 6.658472046948909 4.037994180283077 13.230324561400598 7.587478698487397 9.372580541131668 6.620974701658359 4.40496083978053 4.40496083978053 4.40496083978053 4.40496083978053 4.40496083978053 4.40496083978053 4.40496083978053 4.40496083978053 4.40496083978053 4.40496083978053 4.40496083978053 2.455133397597776 9.837666389952446
18 12.27739829931407 0.673465663564223 8.186099681777641 14.879865053151523 13.857554365760214 15.379197800925768 14.81128370533763 0.29703871801500886 1.2075769126643654 14.916016894600247 21.142747243440244 1.9489915341016744 10.880492130413955 11.157414261377946 14.105505910813692 14.447709334008628 10.88575165066703 0.0 6.420259340556268 12.841238569546164 3.1562270197183215 8.60019592800071 5.344272635261042 17.76694031058809 17.169779788919836 4.00503083633572 8.440582977496282 10.316716531920415 4.150482983942952 3.965092684919232 18.088071898353345 6.104071510066048 7.898620449167057 7.898620449167057 7.898620449167057 7.898620449167057 7.898620449167057 7.898620449167057 7.898620449167057 7.898620449167057 7.898620449167057 7.898620449167057 7.898620449167057 10.291559891483896 9.102758098510582
19 13.669395048794224 7.072739356147658 12.874916465748429 17.214377072668064 16.132418324603414 9.000319383221909 17.924450479721827 6.323334088912272 5.253878186635088 8.562806198904656 19.15821215562663 8.257423448025419 5.176425890515579 14.555124080542907 9.509219789236129 10.017984877209589 7.373417186081363 6.420259340556268 0.0 13.49074890434182 8.14672332904463 6.92301090566814 2.444835372780753 15.796960024004619 15.121374011643255 3.180016666622991 9.559287055005724 9.336321866773876 10.366273824282281 2.7343829285599344 16.524786503915866 0.9760414950195508 7.398560468091073 7.398560468091073 7.398560468091073 7.398560468091073 7.398560468091073 7.398560468091073 7.398560468091073 7.398560468091073 7.398560468091073 7.398560468091073 7.398560468091073 5.5348619675652255 11.951681764504944
20 1.5426305455292917 13.124085491949526 8.64168710380097 4.904504052399182 4.103355334357481 17.606772248200407 6.738101587242507 12.550724281889073 12.440295896802455 17.039262190599686 9.787651046088637 12.519730668029565 12.594471366436942 5.875503467788953 10.88552511365437 10.620249385019166 8.415138085616896 12.841238569546164 13.49074890434182 0.0 10.244885992533057 6.773695741616979 11.171737286563804 7.131185034761053 6.876838372391778 14.41464644033977 4.430104400575679 4.52176425745527 12.452082757514903 11.928390671000008 6.717887242280864 12.51656282691059 6.094776534049465 6.094776534049465 6.094776534049465 6.094776534049465 6.094776534049465 6.094776534049465 6.094776534049465 6.094776534049465 6.094776534049465 6.094776534049465 6.094776534049465 10.644919022707501 4.997829628948951
21 9.477394156623435 3.146671415956867 5.126342653393353 11.808677868415245 10.810066789802919 16.58083188504123 11.662109757672495 2.9433662701063894 3.541490787789797 16.062306839305492 19.19853041250814 2.275514227597797 11.534616075101937 8.008131492426932 13.787215527437002 14.009002890998346 10.295642282053121 3.1562270197183215 8.14672332904463 10.244885992533057 0.0 7.509610708951564 6.225991728230933 15.92637023932321 15.387588667494333 6.636925267019358 6.052677093650379 8.592053130655094 2.9360139645444456 5.41291908308262 16.067687948177237 7.4999277329851655 6.391150913567916 6.391150913567916 6.391150913567916 6.391150913567916 6.391150913567916 6.391150913567916 6.391150913567916 6.391150913567916 6.391150913567916 6.391150913567916 6.391150913567916 10.43603420845294 6.064883345951512
22 7.288939086039889 9.144266947109537 9.718230806067533 11.093006896238727 10.057948548287566 11.480429129610094 12.302539778435996 8.316931285035364 7.698406328585158 10.90534960466651 12.80632831845256 9.306145603846954 6.158197869506955 9.591249188713638 6.520874557910158 6.640066038828229 2.9855641008023923 8.60019592800071 6.92301090566814 6.773695741616979 7.509610708951564 0.0 4.861244696577205 9.390307449705787 8.751462506347155 8.565113542738356 3.880167135575477 2.4154010019042387 10.437458359198374 6.04300008274036 9.91701936067486 5.9771084146098605 1.4353428161940964 1.4353428161940964 1.4353428161940964 1.4353428161940964 1.4353428161940964 1.4353428161940964 1.4353428161940964 1.4353428161940964 1.4353428161940964 1.4353428161940964 1.4353428161940964 4.308620312814765 7.03961710606479
23 11.272176054338399 6.0138521764340025 10.636789459230638 14.779189490631751 13.69655025909809 10.371805676930126 15.48140707429399 5.150633553263132 4.152069363582453 9.863857764586834 17.530872910382982 6.88395424156785 5.555962652862238 12.132528219625124 8.966790116870138 9.375325967666404 6.113314403823837 5.344272635261042 2.444835372780753 11.171737286563804 6.225991728230933 4.861244696577205 0.0 14.123046201156463 13.463234232531201 3.795482841484071 7.135047091645577 7.215630395190708 8.79251255330352 1.5179756256277634 14.732822981356968 1.511973875435684 5.088491819783147 5.088491819783147 5.088491819783147 5.088491819783147 5.088491819783147 5.088491819783147 5.088491819783147 5.088491819783147 5.088491819783147 5.088491819783147 5.088491819783147 5.019636341409605 9.517812196087922
24 8.660259176260258 18.234021498287206 15.581043482385898 11.032615283784711 10.64824046497824 15.944649541460608 13.18852050079917 17.472671232527667 16.98903887805311 15.466909710734074 3.4164035183215686 18.069643493992903 12.458887951980305 13.001384580112997 8.419325210490447 7.855609269814786 8.52464245584529 17.76694031058809 15.796960024004619 7.131185034761053 15.92637023932321 9.390307449705787 14.123046201156463 0.0 0.6812238985825438 17.901617580542826 9.992889722197479 7.453251102706791 18.590457363927335 15.412041526027627 1.2417846029001973 14.960811642421008 9.869500544607108 9.869500544607108 9.869500544607108 9.869500544607108 9.869500544607108 9.869500544607108 9.869500544607108 9.869500544607108 9.869500544607108 9.869500544607108 9.869500544607108 10.843202525084552 11.884403266466517
25 8.417492797739717 17.645983622343074 15.207165482100864 10.991864718963749 10.544756090114175 15.333788996852668 13.123154079717269 16.8763314141433 16.37514274746941 14.849981885510836 4.067915067943281 17.51172892663657 11.786524890738578 12.75062841588602 7.796489274025842 7.241777475178314 7.843582408568167 17.169779788919836 15.121374011643255 6.876838372391778 15.387588667494333 8.751462506347155 13.463234232531201 0.6812238985825438 0.0 17.24562234307594 9.50098442267958 6.868390350001957 18.082527063438892 14.762545376729584 1.7670837557965386 14.288553775662532 9.271412459814309 9.271412459814309 9.271412459814309 9.271412459814309 9.271412459814309 9.271412459814309 9.271412459814309 9.271412459814309 9.271412459814309 9.271412459814309 9.271412459814309 10.163419158924814 11.516209836573838
26 14.251714177599832 4.550757739102357 11.741867824158131 17.42355187669839 16.350284309454686 12.012963206469918 17.749023550606946 4.0327191818920385 3.127594922620255 11.61259213095853 21.31344798478181 5.953677854906158 8.323193918202314 14.167155148441058 12.439285550223534 12.905623929124854 9.857723723050874 4.00503083633572 3.180016666622991 14.41464644033977 6.636925267019358 8.565113542738356 3.795482841484071 17.901617580542826 17.24562234307594 0.0 10.085209021135853 10.827900258129457 8.15545982762468 2.545120822279366 18.478738728603748 3.440131538182806 8.521780389097104 8.521780389097104 8.521780389097104 8.521780389097104 8.521780389097104 8.521780389097104 8.521780389097104 8.521780389097104 8.521780389097104 8.521780389097104 8.521780389097104 8.418357381342277 11.763194336573719
27 4.181160126089409 8.75964822353044 6.286777632460051 7.664623213178844 6.586041299597201 15.342022617634221 8.585288346933956 8.147405783438064 8.010228523581585 14.767848489201125 13.190570647246462 8.292143570874783 9.986825121128337 5.711865719710155 10.02710506577048 10.011890630645144 6.658472046948909 8.440582977496282 9.559287055005724 4.430104400575679 6.052677093650379 3.880167135575477 7.135047091645577 9.992889722197479 9.50098442267958 10.085209021135853 0.0 3.197750615667207 8.603305992465918 7.665684379101452 10.045829383380946 8.591144277685018 2.554807624851625 2.554807624851625 2.554807624851625 2.554807624851625 2.554807624851625 2.554807624851625 2.554807624851625 2.554807624851625 2.554807624851625 2.554807624851625 2.554807624851625 8.180894938819346 3.1823013685067605
28 5.307402095187437 10.780943372451224 9.48122460444852 9.149302049883369 8.175788463506134 13.196113253530374 10.614431920738857 10.021870883223352 9.57293236161209 12.62352629022493 10.827340993983702 10.662944058748502 8.08543659921961 8.418899037285101 7.063002831657368 6.96854540058397 4.037994180283077 10.316716531920415 9.336321866773876 4.52176425745527 8.592053130655094 2.4154010019042387 7.215630395190708 7.453251102706791 6.868390350001957 10.827900258129457 3.197750615667207 0.0 11.388791551345559 8.283829549187985 7.802803662786858 8.386188705246264 2.4318151656735756 2.4318151656735756 2.4318151656735756 2.4318151656735756 2.4318151656735756 2.4318151656735756 2.4318151656735756 2.4318151656735756 2.4318151656735756 2.4318151656735756 2.4318151656735756 6.139847310805049 6.174927125076053
29 11.445308995391954 3.6450137173953125 5.2632489015816075 13.07117152362404 12.188357149345435 19.14071106307182 12.440318082750133 4.146500331604955 5.16966584993653 18.64403156508806 21.786005967134038 2.2019411890420684 14.267529078295231 8.935812218259736 16.714353412561312 16.942595078676703 13.230324561400598 4.150482983942952 10.366273824282281 12.452082757514903 2.9360139645444456 10.437458359198374 8.79251255330352 18.590457363927335 18.082527063438892 8.15545982762468 8.603305992465918 11.388791551345559 0.0 7.700364731621483 18.636420525412063 9.881895465951862 9.279462915492468 9.279462915492468 9.279462915492468 9.279462915492468 9.279462915492468 9.279462915492468 9.279462915492468 9.279462915492468 9.279462915492468 9.279462915492468 9.279462915492468 13.288055990249289 7.722980771696896
30 11.846715705207076 4.6383949810252245 10.216865468430129 15.160561731017753 14.07930143863679 11.475831690993031 15.657088650192922 3.8069431306495765 2.7575224387119683 10.996268457981554 18.827596899232784 5.660043816084818 6.933613848491996 12.167783734107047 10.484594651201352 10.892575315323738 7.587478698487397 3.965092684919232 2.7343829285599344 11.928390671000008 5.41291908308262 6.04300008274036 1.5179756256277634 15.412041526027627 14.762545376729584 2.545120822279366 7.665684379101452 8.283829549187985 7.700364731621483 0.0 15.959866321495305 2.1858099185427817 5.982190986586771 5.982190986586771 5.982190986586771 5.982190986586771 5.982190986586771 5.982190986586771 5.982190986586771 5.982190986586771 5.982190986586771 5.982190986586771 5.982190986586771 6.527680215819399 9.641711933054212
31 8.198294700728928 18.521964177699946 15.320236975973968 10.21744904562778 9.929249921318327 17.094743344080953 12.396730214052413 17.791743394057818 17.37457524660675 16.60775327971848 3.1524139956547574 18.260525868659972 13.437612436738902 12.512888155817585 9.552889615189741 9.003402134748843 9.372580541131668 18.088071898353345 16.524786503915866 6.717887242280864 16.067687948177237 9.91701936067486 14.732822981356968 1.2417846029001973 1.7670837557965386 18.478738728603748 10.045829383380946 7.802803662786858 18.636420525412063 15.959866321495305 0.0 15.657839953199165 10.23398895836809 10.23398895836809 10.23398895836809 10.23398895836809 10.23398895836809 10.23398895836809 10.23398895836809 10.23398895836809 10.23398895836809 10.23398895836809 10.23398895836809 11.752724365014267 11.633680844857315
32 12.694857068907865 6.773506403628773 12.086000372331618 16.250018861527515 15.168641995907214 9.29384323087064 16.98531436270757 5.966831403684874 4.902414201187003 8.819519091197659 18.339130022986367 7.84350361764435 4.968314402289774 13.644500503866016 9.007908747317549 9.485257297511755 6.620974701658359 6.104071510066048 0.9760414950195508 12.51656282691059 7.4999277329851655 5.9771084146098605 1.511973875435684 14.960811642421008 14.288553775662532 3.440131538182806 8.591144277685018 8.386188705246264 9.881895465951862 2.1858099185427817 15.657839953199165 0.0 6.423492663652696 6.423492663652696 6.423492663652696 6.423492663652696 6.423492663652696 6.423492663652696 6.423492663652696 6.423492663652696 6.423492663652696 6.423492663652696 6.423492663652696 4.989314381756275 11.028565545890363
33 6.343315379200376 8.37944801284667 8.286625187614074 10.05157286199528 8.99032958239018 12.799782029394095 11.110127362006251 7.604973701466693 7.141130232673257 12.226452347267378 13.25419933455054 8.349556215751829 7.435876948954978 8.247040923870816 7.922120044533534 8.010615457004537 4.40496083978053 7.898620449167057 7.398560468091073 6.094776534049465 6.391150913567916 1.4353428161940964 5.088491819783147 9.869500544607108 9.271412459814309 8.521780389097104 2.554807624851625 2.4318151656735756 9.279462915492468 5.982190986586771 10.23398895836809 6.423492663652696 0.0 0.0 0.0 0.0 0.0 0.0 0.0 0.0 0.0 0.0 0.0 5.656854249492381 5.656854249492381
34 6.343315379200376 8.37944801284667 8.286625187614074 10.05157286199528 8.99032958239018 12.799782029394095 11.110127362006251 7.604973701466693 7.141130232673257 12.226452347267378 13.25419933455054 8.349556215751829 7.435876948954978 8.247040923870816 7.922120044533534 8.010615457004537 4.40496083978053 7.898620449167057 7.398560468091073 6.094776534049465 6.391150913567916 1.4353428161940964 5.088491819783147 9.869500544607108 9.271412459814309 8.521780389097104 2.554807624851625 2.4318151656735756 9.279462915492468 5.982190986586771 10.23398895836809 6.423492663652696 0.0 0.0 0.0 0.0 0.0 0.0 0.0 0.0 0.0 0.0 0.0 5.656854249492381 5.656854249492381
35 6.343315379200376 8.37944801284667 8.286625187614074 10.05157286199528 8.99032958239018 12.799782029394095 11.110127362006251 7.604973701466693 7.141130232673257 12.226452347267378 13.25419933455054 8.349556215751829 7.435876948954978 8.247040923870816 7.922120044533534 8.010615457004537 4.40496083978053 7.898620449167057 7.398560468091073 6.094776534049465 6.391150913567916 1.4353428161940964 5.088491819783147 9.869500544607108 9.271412459814309 8.521780389097104 2.554807624851625 2.4318151656735756 9.279462915492468 5.982190986586771 10.23398895836809 6.423492663652696 0.0 0.0 0.0 0.0 0.0 0.0 0.0 0.0 0.0 0.0 0.0 5.656854249492381 5.656854249492381
36 6.343315379200376 8.37944801284667 8.286625187614074 10.05157286199528 8.99032958239018 12.799782029394095 11.110127362006251 7.604973701466693 7.141130232673257 12.226452347267378 13.25419933455054 8.349556215751829 7.435876948954978 8.247040923870816 7.922120044533534 8.010615457004537 4.40496083978053 7.898620449167057 7.398560468091073 6.094776534049465 6.391150913567916 1.4353428161940964 5.088491819783147 9.869500544607108 9.271412459814309 8.521780389097104 2.554807624851625 2.4318151656735756 9.279462915492468 5.982190986586771 10.23398895836809 6.423492663652696 0.0 0.0 0.0 0.0 0.0 0.0 0.0 0.0 0.0 0.0 0.0 5.656854249492381 5.656854249492381
37 6.343315379200376 8.37944801284667 8.286625187614074 10.05157286199528 8.99032958239018 12.799782029394095 11.110127362006251 7.604973701466693 7.141130232673257 12.226452347267378 13.25419933455054 8.349556215751829 7.435876948954978 8.247040923870816 7.922120044533534 8.010615457004537 4.40496083978053 7.898620449167057 7.398560468091073 6.094776534049465 6.391150913567916 1.4353428161940964 5.088491819783147 9.869500544607108 9.271412459814309 8.521780389097104 2.554807624851625 2.4318151656735756 9.279462915492468 5.982190986586771 10.23398895836809 6.423492663652696 0.0 0.0 0.0 0.0 0.0 0.0 0.0 0.0 0.0 0.0 0.0 5.656854249492381 5.656854249492381
38 6.343315379200376 8.37944801284667 8.286625187614074 10.05157286199528 8.99032958239018 12.799782029394095 11.110127362006251 7.604973701466693 7.141130232673257 12.226452347267378 13.25419933455054 8.349556215751829 7.435876948954978 8.247040923870816 7.922120044533534 8.010615457004537 4.40496083978053 7.898620449167057 7.398560468091073 6.094776534049465 6.391150913567916 1.4353428161940964 5.088491819783147 9.869500544607108 9.271412459814309 8.521780389097104 2.554807624851625 2.4318151656735756 9.279462915492468 5.982190986586771 10.23398895836809 6.423492663652696 0.0 0.0 0.0 0.0 0.0 0.0 0.0 0.0 0.0 0.0 0.0 5.656854249492381 5.656854249492381
39 6.343315379200376 8.37944801284667 8.286625187614074 10.05157286199528 8.99032958239018 12.799782029394095 11.110127362006251 7.604973701466693 7.141130232673257 12.226452347267378 13.25419933455054 8.349556215751829 7.435876948954978 8.247040923870816 7.922120044533534 8.010615457004537 4.40496083978053 7.898620449167057 7.398560468091073 6.094776534049465 6.391150913567916 1.4353428161940964 5.088491819783147 9.869500544607108 9.271412459814309 8.521780389097104 2.554807624851625 2.4318151656735756 9.279462915492468 5.982190986586771 10.23398895836809 6.423492663652696 0.0 0.0 0.0 0.0 0.0 0.0 0.0 0.0 0.0 0.0 0.0 5.656854249492381 5.656854249492381
40 6.343315379200376 8.37944801284667 8.286625187614074 10.05157286199528 8.99032958239018 12.799782029394095 11.110127362006251 7.604973701466693 7.141130232673257 12.226452347267378 13.25419933455054 8.349556215751829 7.435876948954978 8.247040923870816 7.922120044533534 8.010615457004537 4.40496083978053 7.898620449167057 7.398560468091073 6.094776534049465 6.391150913567916 1.4353428161940964 5.088491819783147 9.869500544607108 9.271412459814309 8.521780389097104 2.554807624851625 2.4318151656735756 9.279462915492468 5.982190986586771 10.23398895836809 6.423492663652696 0.0 0.0 0.0 0.0 0.0 0.0 0.0 0.0 0.0 0.0 0.0 5.656854249492381 5.656854249492381
41 6.343315379200376 8.37944801284667 8.286625187614074 10.05157286199528 8.99032958239018 12.799782029394095 11.110127362006251 7.604973701466693 7.141130232673257 12.226452347267378 13.25419933455054 8.349556215751829 7.435876948954978 8.247040923870816 7.922120044533534 8.010615457004537 4.40496083978053 7.898620449167057 7.398560468091073 6.094776534049465 6.391150913567916 1.4353428161940964 5.088491819783147 9.869500544607108 9.271412459814309 8.521780389097104 2.554807624851625 2.4318151656735756 9.279462915492468 5.982190986586771 10.23398895836809 6.423492663652696 0.0 0.0 0.0 0.0 0.0 0.0 0.0 0.0 0.0 0.0 0.0 5.656854249492381 5.656854249492381
42 6.343315379200376 8.37944801284667 8.286625187614074 10.05157286199528 8.99032958239018 12.799782029394095 11.110127362006251 7.604973701466693 7.141130232673257 12.226452347267378 13.25419933455054 8.349556215751829 7.435876948954978 8.247040923870816 7.922120044533534 8.010615457004537 4.40496083978053 7.898620449167057 7.398560468091073 6.094776534049465 6.391150913567916 1.4353428161940964 5.088491819783147 9.869500544607108 9.271412459814309 8.521780389097104 2.554807624851625 2.4318151656735756 9.279462915492468 5.982190986586771 10.23398895836809 6.423492663652696 0.0 0.0 0.0 0.0 0.0 0.0 0.0 0.0 0.0 0.0 0.0 5.656854249492381 5.656854249492381
43 6.343315379200376 8.37944801284667 8.286625187614074 10.05157286199528 8.99032958239018 12.799782029394095 11.110127362006251 7.604973701466693 7.141130232673257 12.226452347267378 13.25419933455054 8.349556215751829 7.435876948954978 8.247040923870816 7.922120044533534 8.010615457004537 4.40496083978053 7.898620449167057 7.398560468091073 6.094776534049465 6.391150913567916 1.4353428161940964 5.088491819783147 9.869500544607108 9.271412459814309 8.521780389097104 2.554807624851625 2.4318151656735756 9.279462915492468 5.982190986586771 10.23398895836809 6.423492663652696 0.0 0.0 0.0 0.0 0.0 0.0 0.0 0.0 0.0 0.0 0.0 5.656854249492381 5.656854249492381
44 11.411470106870542 10.948568353899063 13.699202787023777 15.253134661439267 14.249000877254517 7.174010036234964 16.57356117435236 10.071128288329964 9.128183882898066 6.59864660366048 14.065909142319951 11.631469769551913 1.9504527679490218 13.892072703524121 4.020943421636271 4.498217424713928 2.455133397597776 10.291559891483896 5.5348619675652255 10.644919022707501 10.43603420845294 4.308620312814765 5.019636341409605 10.843202525084552 10.163419158924814 8.418357381342277 8.180894938819346 6.139847310805049 13.288055990249289 6.527680215819399 11.752724365014267 4.989314381756275 5.656854249492381 5.656854249492381 5.656854249492381 5.656854249492381 5.656854249492381 5.656854249492381 5.656854249492381 5.656854249492381 5.656854249492381 5.656854249492381 5.656854249492381 0.0 11.313708498984761
45 3.775400640991629 9.195604874068914 3.6970470648884093 5.780148527503424 4.755841250504478 18.444576980782184 6.015557330788228 8.845542662833072 9.092180211588419 17.872608567302088 14.747806616578615 8.254640452497007 13.068292390362254 2.652863358712619 13.16632013889986 13.118916113764888 9.837666389952446 9.102758098510582 11.951681764504944 4.997829628948951 6.064883345951512 7.03961710606479 9.517812196087922 11.884403266466517 11.516209836573838 11.763194336573719 3.1823013685067605 6.174927125076053 7.722980771696896 9.641711933054212 11.633680844857315 11.028565545890363 5.656854249492381 5.656854249492381 5.656854249492381 5.656854249492381 5.656854249492381 5.656854249492381 5.656854249492381 5.656854249492381 5.656854249492381 5.656854249492381 5.656854249492381 11.313708498984761 0.0
;
param arr := 1 0.0 2 0.0 3 0.0 4 0.0 5 0.0 6 0.0 7 0.0 8 0.0 9 53.0 10 105.0 11 74.0 12 3.0 13 172.0 14 61.0 15 179.0 16 154.0 17 138.0 18 125.0 19 95.0 20 195.0 21 103.0 22 103.0 23 142.0 24 157.0 25 0.0 26 0.0 27 0.0 28 0.0 29 0.0 30 0.0 31 0.0 32 0.0 33 0.0 34 0.0 35 0.0 36 0.0 37 0.0 38 0.0 39 0.0 40 0.0 41 0.0 42 0.0 43 0.0 44 0.0 45 0.0;
param dep := 1 1440.0 2 1440.0 3 1440.0 4 1440.0 5 1440.0 6 1440.0 7 1440.0 8 1440.0 9 68.0 10 120.0 11 89.0 12 18.0 13 187.0 14 76.0 15 194.0 16 169.0 17 153.0 18 140.0 19 110.0 20 210.0 21 118.0 22 118.0 23 157.0 24 172.0 25 1440.0 26 1440.0 27 1440.0 28 1440.0 29 1440.0 30 1440.0 31 1440.0 32 1440.0 33 240.0 34 240.0 35 240.0 36 240.0 37 240.0 38 240.0 39 240.0 40 240.0 41 240.0 42 240.0 43 240.0 44 240.0 45 240.0;
param d := 1 3.0 2 3.0 3 3.0 4 3.0 5 3.0 6 3.0 7 3.0 8 3.0 9 3.0 10 3.0 11 3.0 12 3.0 13 3.0 14 3.0 15 3.0 16 3.0 17 3.0 18 3.0 19 3.0 20 3.0 21 3.0 22 3.0 23 3.0 24 3.0 25 3.0 26 3.0 27 3.0 28 3.0 29 3.0 30 3.0 31 3.0 32 3.0 33 0.0 34 0.0 35 0.0 36 0.0 37 0.0 38 0.0 39 0.0 40 0.0 41 0.0 42 0.0 43 0.0 44 0.0 45 0.0;
param l := 1 1.0 2 1.0 3 1.0 4 1.0 5 1.0 6 1.0 7 1.0 8 1.0 9 1.0 10 1.0 11 1.0 12 1.0 13 1.0 14 1.0 15 1.0 16 1.0 17 -1.0 18 -1.0 19 -1.0 20 -1.0 21 -1.0 22 -1.0 23 -1.0 24 -1.0 25 -1.0 26 -1.0 27 -1.0 28 -1.0 29 -1.0 30 -1.0 31 -1.0 32 -1.0 33 0.0 34 0.0 35 0.0 36 0.0 37 0.0 38 0.0 39 0.0 40 0.0 41 0.0 42 0.0 43 0.0 44 0.0 45 0.0;
param u := 1 30 2 30 3 30 4 30 5 30 6 30 7 30 8 30 9 30 10 30 11 30 12 30 13 30 14 30 15 30 16 30;
param c := 1 3 2 3 3 3 4 3;
param Q := 14.85;
param Binit := 1 14.85 2 14.85 3 14.85 4 14.85;
param r := 0.0;
param beta:
 1 2 3 4 5 6 7 8 9 10 11 12 13 14 15 16 17 18 19 20 21 22 23 24 25 26 27 28 29 30 31 32 33 34 35 36 37 38 39 40 41 42 43 44 45:=
1 0.0 0.6869527764155262 0.40103927641192455 0.21142398474392635 0.15831273985374641 1.0176709702305553 0.29808297183837923 0.65977956214557 0.6607318665124303 0.9861632836528644 0.6172329513643937 0.6458097681399687 0.7338123991866042 0.23876189865638112 0.6639563734162058 0.6519692715534989 0.5134044519187577 0.6752569064622739 0.7518167276836824 0.08484468000411104 0.5212566786142889 0.4008916497321939 0.6199696829886119 0.4763142546943142 0.4629621038756844 0.7838442797679908 0.22996380693491753 0.29190711523530904 0.6294919947465575 0.6515693637863892 0.45090620854009106 0.6982171387899326 0.3488823458560207 0.3488823458560207 0.3488823458560207 0.3488823458560207 0.3488823458560207 0.3488823458560207 0.3488823458560207 0.3488823458560207 0.3488823458560207 0.3488823458560207 0.3488823458560207 0.6276308558778798 0.2076470352545396
2 0.6869527764155262 0.0 0.44012785642356245 0.8223893460520996 0.7671386612764344 0.8823469464587046 0.8131726489651505 0.0483681144970527 0.10344893257061667 0.8570040135845339 1.1877578441858423 0.08090176574092806 0.6354193226720446 0.6123699431920219 0.8108833766485783 0.8292684436447585 0.6322113060717911 0.037040611496032265 0.3890006645881212 0.7218247020572239 0.1730669278776277 0.5029346820910245 0.3307618697038701 1.0028711824057963 0.9705290992288691 0.25029167565062965 0.4817806522941742 0.5929518854848174 0.20047575445674218 0.25511172395638737 1.018708029773497 0.37254285219958255 0.46086964070656683 0.46086964070656683 0.46086964070656683 0.46086964070656683 0.46086964070656683 0.46086964070656683 0.46086964070656683 0.46086964070656683 0.46086964070656683 0.46086964070656683 0.46086964070656683 0.6021712594644485 0.5057582680737903
3 0.40103927641192455 0.44012785642356245 0.0 0.4407270630446921 0.39858663929564925 1.1305950970727763 0.3954480608436461 0.4407102604886799 0.47668119561190997 1.1000829423729832 1.0132200627825132 0.3670700659274738 0.8373757224955832 0.20989196965343862 0.8898870912228134 0.8920673537491438 0.6978809301915335 0.45023548249777023 0.7081204056161636 0.4752927907090534 0.28194884593663444 0.5345026943337143 0.5850234202576851 0.8569573915312244 0.8363941015155475 0.6458027303286972 0.3457727697853028 0.5214673532446686 0.2894786895869884 0.5619276007636571 0.8426130336785682 0.664730020478239 0.4557643853187741 0.4557643853187741 0.4557643853187741 0.4557643853187741 0.4557643853187741 0.4557643853187741 0.4557643853187741 0.4557643853187741 0.4557643853187741 0.4557643853187741 0.4557643853187741 0.7534561532863078 0.2033375885688625
