param n := 32.0;
param numVehicles := 4.0;
set Origin := 65 67 68 69 70;
set O := 67 68 69 70;
param Ok := 1 67 2 68 3 69 4 70;
set S := 75 76 77;
set F := 66 71 72 73 74;
param t:
 1 2 3 4 5 6 7 8 9 10 11 12 13 14 15 16 17 18 19 20 21 22 23 24 25 26 27 28 29 30 31 32 33 34 35 36 37 38 39 40 41 42 43 44 45 46 47 48 49 50 51 52 53 54 55 56 57 58 59 60 61 62 63 64 65 66 67 68 69 70 71 72 73 74 75 76 77:=
1 0.0 13.633336348817922 5.938994190938394 37.66316040907879 20.411665782096275 23.816125293590474 30.595494831755868 30.725338728808183 34.31731953401955 4.001568692400519 24.47024674987974 4.996349467361145 27.986113199227933 30.700693216929157 15.095015336196248 16.553510805868342 20.691185079642008 27.33987125061126 2.063955425875278 11.835913483969033 26.584646170299127 23.922192625259086 14.08874458566128 31.66269786357442 22.411285817641076 28.0594525962286 17.287269882777906 23.687037889951544 24.051329776126725 22.066817169678096 12.392574712302522 13.57594342946375 32.51573778956892 11.032032088423238 15.701532409290502 14.463797150126242 22.244561133005075 17.951376548888945 19.500569017338957 16.73425863311548 25.83256936504768 10.52038573437305 22.567131674184914 14.641290926690857 31.240767340127864 14.380957409018357 2.5251415801891186 7.000889657750648 5.455998900293144 10.847349906774465 4.474096556848097 33.7998999406803 12.14025370410355 14.104684328264847 7.081751760687465 23.062384438734863 37.526816438381765 24.482405437374815 8.429574840998802 33.171877848563234 13.202775768754085 11.702477857274502 23.44201015271515 28.778910681261024 14.619912995637149 14.619912995637149 14.619912995637149 14.619912995637149 14.619912995637149 14.619912995637149 14.619912995637149 14.619912995637149 14.619912995637149 14.619912995637149 14.619912995637149 25.741753164848735 4.565726229199468
2 13.633336348817922 0.0 7.85094796823925 24.728682294048745 6.920594772127609 18.78804226097014 26.74145882333273 29.10545110456115 21.505602990848686 16.72961027639317 11.609100051252897 8.90554613709906 29.487675662893473 22.024022702494655 10.44368996092856 21.487839258520154 7.350228839974983 17.878390643455578 15.563729244625145 21.75410517580532 13.510086898314162 16.99075748752833 13.707480293620709 23.223068703338928 9.761403997376608 14.682635322039431 6.574900759707329 15.146909915887136 27.110030099577536 24.084902158821407 24.622179432373567 15.235394185908023 29.049411835698155 15.602282140763895 12.94665501200986 8.280552638562236 22.537585496232733 4.387298485400783 5.877271816072486 22.830022514224556 17.481975288851086 23.974301074275346 10.806296127721096 8.56182714144592 24.295274684596592 20.616859217640304 11.366824006731168 6.651848765568864 18.640034763916077 4.084979804111644 17.216190519391915 24.09828541618677 9.636635304918414 2.6488676826145925 20.41400627020576 25.76111775525278 24.475398668867477 15.338633707080954 21.471195588508806 32.2341377424618 13.431263976260762 13.650478086865675 10.477564793405003 21.763920418895122 6.3919702752750664 6.3919702752750664 6.3919702752750664 6.3919702752750664 6.3919702752750664 6.3919702752750664 6.3919702752750664 6.3919702752750664 6.3919702752750664 6.3919702752750664 6.3919702752750664 13.702893271130735 12.245214738827572
3 5.938994190938394 7.85094796823925 0.0 32.36527682563521 14.506462008360275 21.663446909483266 29.18210225463546 30.287388596575973 29.074368230453434 9.512786552845595 18.543027692369982 2.5445926982525124 28.856635701342597 27.240901600350895 12.378892519123028 18.548465057788476 14.763161179097112 22.081018545347945 7.967930973596594 16.129648849246532 20.648802967726724 19.288188510070093 11.163529907694967 28.32190276093752 17.155484953798307 22.484510668457965 11.500539117797913 18.57999547900914 25.503575670874074 22.960084494618048 17.85864496539421 13.645056101020618 31.31767807485095 12.311428186851435 13.91084885979285 9.366616891919941 22.354511669906817 12.080311419826891 13.660398969283438 19.31634292509843 20.839964395363058 16.449440112052446 16.750453247599 9.597944988381629 28.522438395060124 16.8932541566153 4.084480872767064 1.7984938142790488 11.260012433385674 4.942878918201417 9.37925242223494 29.958301286955507 9.830476082062354 8.805021521836276 12.563520684903574 24.312038581739703 32.16371726029191 19.24071817786436 14.207525048367854 33.09154508329885 10.439094405167529 9.589306127139752 18.061623072138342 25.969779359863647 10.40005942290716 10.40005942290716 10.40005942290716 10.40005942290716 10.40005942290716 10.40005942290716 10.40005942290716 10.40005942290716 10.40005942290716 10.40005942290716 10.40005942290716 20.790027320809372 6.332237835078527
4 37.66316040907879 24.728682294048745 32.36527682563521 0.0 19.664132017457572 23.58269136464284 27.458250854706677 32.414680686380365 3.3874119914766796 39.86240941037057 19.701251229300134 32.66689578150945 37.441497940119866 16.271104449299074 25.245757901081127 37.133690632631705 19.98952385626031 28.73165759227964 39.33091023609802 41.82498129108966 18.206328570033 32.504068422276006 36.40380254863494 16.901416982016627 15.256867306232953 10.346695897725033 25.587859152340197 29.496858137774606 38.15954051086045 35.18842036806995 46.242601051411455 31.491078419133252 29.166801538735783 34.08068367858837 26.840173248323122 30.195529470436515 32.274139368850726 21.26435599777242 19.66816117485313 39.07203859539454 30.594217819712274 47.14867251577715 23.049157641874896 30.354099624268216 20.544884813500417 37.89469329602761 35.17067323779856 30.8441725452313 41.853030475701516 28.65187693677327 41.68938186157238 13.559670202479115 27.62668919722376 23.613756753214854 44.71407138698063 36.92870152063298 0.8839479622692735 28.56502511814054 44.27250053927381 35.27899233254828 36.506928931368634 37.342840813200056 14.30452250164262 20.044522643355716 23.481899837960302 23.481899837960302 23.481899837960302 23.481899837960302 23.481899837960302 23.481899837960302 23.481899837960302 23.481899837960302 23.481899837960302 23.481899837960302 23.481899837960302 12.21702173199344 34.77849364190462
5 20.411665782096275 6.920594772127609 14.506462008360275 19.664132017457572 0.0 21.236069033604124 28.929217687313983 32.21025954567892 16.780249580980612 23.634095794000665 5.18796800298537 15.80573389627954 33.852905576922055 21.595914428428358 14.98697100817907 27.384363786657524 0.8404284621548702 13.982893119808931 22.38955443951487 28.502853260682514 6.7624971719032905 15.225576639326341 16.753748237334833 22.847889355474393 7.276758069360283 9.326756563779286 6.011280063347572 12.539313218833 32.144695176653954 28.976794163606158 31.531434474187815 20.92761477091931 31.26199021175715 21.896004384362 17.613534000875575 10.536767246171854 26.953913259487944 2.545258336593753 1.5465897969403526 28.911670446378572 14.544736642510927 30.840707903678215 6.060016171595583 10.703275199676032 24.877707048681156 26.845288078171187 18.232582921791415 13.508353119459086 25.528384986128675 9.864872021470932 23.695002848702085 22.609775054166285 15.29259650942246 7.806451946947473 26.9793165962372 30.760593297269153 19.238590488910564 12.170359567408022 28.37983692694516 35.455809397050864 16.842816985290792 17.71599796793847 7.012732705586319 22.578751072634642 10.811862559244823 10.811862559244823 10.811862559244823 10.811862559244823 10.811862559244823 10.811862559244823 10.811862559244823 10.811862559244823 10.811862559244823 10.811862559244823 10.811862559244823 11.096682927794234 19.148273342523602
6 23.816125293590474 18.78804226097014 21.663446909483266 23.58269136464284 21.236069033604124 0.0 7.955051728304475 11.03579956323963 20.68609745698787 23.71048797473388 25.97017366133696 20.04364447898635 14.221429604649456 8.965058616651651 9.293618455693133 14.904689731758928 22.076026182263874 35.16368535861962 24.45961062650017 21.695376097224035 26.648412560601052 35.45913732735189 31.756621293834144 9.374298693769045 15.084759593709142 19.80960413536828 24.862489738559976 33.21163994746421 14.580438950868386 11.67595769091341 26.88183036922895 11.416185702764299 10.272642697962388 14.679699315721695 8.11480474195159 27.00709247586641 8.72298595665498 19.91794366896342 19.767349645311583 16.839018142397734 35.4237643397762 29.68513574164686 27.258769598057796 27.294094452829906 7.678502458162007 16.46675438573127 21.62494716756552 19.934996965136463 25.376102852881093 21.803110420304716 28.234474601097148 12.783859980459734 11.947083995686981 16.140435929676745 30.091031620733776 13.371296122665147 24.011179063094755 33.094891448681324 26.69154810047555 14.295178767682481 31.259936404285916 30.88912306945602 16.22180113304315 5.5614591610475745 12.477464486024394 12.477464486024394 12.477464486024394 12.477464486024394 12.477464486024394 12.477464486024394 12.477464486024394 12.477464486024394 12.477464486024394 12.477464486024394 12.477464486024394 13.887804722129411 19.352083092008467
7 30.595494831755868 26.74145882333273 29.18210225463546 27.458250854706677 28.929217687313983 7.955051728304475 0.0 5.05890185712275 25.16426140382427 29.79909059015057 33.46080357672243 27.340772556751208 11.316963020174628 11.188504278946315 16.979415773223767 18.105850988009376 29.768722982351797 42.907031778019785 30.91424073141697 25.976331996646486 33.92714576854351 43.379750529480916 39.576680861335504 10.628009220921857 22.343570439837947 26.178775525222715 32.791884178863526 41.083384719372866 14.101139244756078 12.521803224775576 31.23193782012253 17.2157346633828 2.337972626015967 20.29292339708599 15.287350326331898 34.94755505038943 10.135774464736281 27.764611144404668 27.50428533883402 19.730247337527224 43.26845844261152 34.848305841173975 34.984349529468176 35.235207506129434 7.006351975172243 20.315236055729205 28.622017608826948 27.514174528776984 31.224961617270242 29.683182174423276 34.8627494612803 14.295588830125185 19.352301361853584 24.09447488533419 36.29481428523915 13.464671700416615 28.076793264188847 40.92436653144432 31.99009252878147 7.829730518989782 39.04727114664993 38.58428804578361 23.328942710718803 7.62603671640781 20.41257690738727 20.41257690738727 20.41257690738727 20.41257690738727 20.41257690738727 20.41257690738727 20.41257690738727 20.41257690738727 20.41257690738727 20.41257690738727 20.41257690738727 20.28835370354135 26.033234451370042
8 30.725338728808183 29.10545110456115 30.287388596575973 32.414680686380365 32.21025954567892 11.03579956323963 5.05890185712275 0.0 30.016307101307447 29.283791011411072 36.99980983734917 28.171110379252006 6.821537949758838 16.154371420764104 18.789381895102352 16.184873184551062 33.0481542601096 46.06991599731868 30.705269645453367 24.227991249792048 37.67785986491271 46.04236297150701 41.1508672569607 15.658598276985076 26.096254213967185 30.476776338714043 35.459817766029204 43.9454560563433 10.503876998518216 9.963116982149714 29.337995364373484 17.16683896353665 4.273502076751572 19.836735719366736 16.59694911723236 37.069416234950346 8.603976987416925 30.755924957640275 30.719286580257684 17.473218478574577 46.20320560307478 33.43925914251091 38.196348516579434 37.35981263336314 12.0562229574606 18.613788652501672 29.047006386200973 28.757666664734813 30.459510764291668 31.567081588262166 34.733779811589756 19.348898159843625 20.634467669411784 26.512482795845433 35.72118922992347 10.280283264579825 33.01050705457279 43.90544394491417 30.758204694032454 3.2595459806543605 40.53696584600283 39.86284109292764 27.198106551743635 12.416892525910017 22.71931706720077 22.71931706720077 22.71931706720077 22.71931706720077 22.71931706720077 22.71931706720077 22.71931706720077 22.71931706720077 22.71931706720077 22.71931706720077 22.71931706720077 24.528990358349446 26.204262401372798
9 34.31731953401955 21.505602990848686 29.074368230453434 3.3874119914766796 16.780249580980612 20.68609745698787 25.16426140382427 30.016307101307447 0.0 36.48241927284976 17.428544976560723 29.32122234832648 34.727714926266025 14.044707188118945 21.891138024323908 33.90849197472515 17.181461870283332 26.923048044380117 35.96928495258142 38.468870791849355 16.189527479207047 30.322081722731372 33.52657751694915 14.848833220155717 11.931598384122724 7.498305141830387 22.7705854118861 27.32472345697208 35.21689009552093 32.19187127210843 42.862919452599115 28.18172436172066 27.015218970054637 30.731443832010235 23.537836519102598 27.30601838423171 29.310798692632037 18.205326802889314 16.643431977810344 35.8376232470849 28.60907583267939 43.76441961228322 20.679058102341124 27.4793153480941 18.4245029240954 34.60791961386873 31.819144928800334 27.529643731803 38.472606358290825 25.47551805165108 38.37458179576684 11.92501438154269 24.246816285854933 20.298491076924904 41.3768459406949 33.95796183518675 3.486424529514444 26.472129117243288 40.885930293928745 32.9890877109386 33.584532451710565 34.34515278754777 11.038194236377615 17.60018113543153 20.096274779172383 20.096274779172383 20.096274779172383 20.096274779172383 20.096274779172383 20.096274779172383 20.096274779172383 20.096274779172383 20.096274779172383 20.096274779172383 20.096274779172383 8.832002038043242 31.396118549909957
10 4.001568692400519 16.72961027639317 9.512786552845595 39.86240941037057 23.634095794000665 23.71048797473388 29.79909059015057 29.283791011411072 36.48241927284976 0.0 27.967461808322902 7.828363047278786 25.7846683903439 31.362555571891782 15.842854540770107 14.035976916481447 23.994928547507705 31.29069292936799 2.2302968412298845 8.140093856952756 30.0274222003821 27.92367862585444 17.985586784978686 32.2164656658672 24.743983591976455 30.66640546265571 21.009352298440806 27.65836907700814 21.59125471110931 20.00995962014916 8.4290841732658 12.60135262580966 31.537190299708058 9.532005245487436 15.781720058345984 18.415280285675806 20.682103664762927 21.114606318849518 22.58595333387546 13.837812110301252 29.818816341364055 7.34687661526992 26.263199805050412 18.601110074401475 31.341760001633606 11.654487547721693 5.471140648895805 10.148368144682179 1.991896583660908 14.4452466922514 5.815983837666675 34.708569835128614 12.927890160424477 16.716870520525067 6.496889101716297 20.75223592772596 39.801379373082035 28.433310746376335 4.748526087113769 31.4592683958162 17.08979484955861 15.517550966566859 25.882864910979233 28.997615143318253 16.412133316543585 16.412133316543585 16.412133316543585 16.412133316543585 16.412133316543585 16.412133316543585 16.412133316543585 16.412133316543585 16.412133316543585 16.412133316543585 16.412133316543585 27.725189268966226 5.101972167701427
11 24.47024674987974 11.609100051252897 18.543027692369982 19.701251229300134 5.18796800298537 25.97017366133696 33.46080357672243 36.99980983734917 17.428544976560723 27.967461808322902 0.0 20.205372057945382 38.92881755203978 25.18507216586842 20.162346292036553 32.54971065923628 4.470041163121432 10.067199809281625 26.51012259496361 33.36297828431988 2.2167588953244324 12.89473272309279 17.878430020558294 26.418277990815376 11.172552975931687 10.244489640777621 7.660448289754327 9.902421724002668 37.31189729831492 34.13586577194139 36.098397582164225 26.102514514889176 35.77404763232698 26.9780047446063 22.784849878812015 12.135736483625541 32.06129810222911 7.516680118243692 6.718977303131781 34.053045972423675 11.346332975900186 34.989498596007344 3.3995023165163456 12.185191340311404 28.84779436976075 31.953697751590504 22.499200430237515 17.848251230862928 29.783202312713115 13.62600366945496 27.272763043006844 25.560603514001777 20.455201001212384 12.903789520912065 30.614094139791238 35.92655986870995 19.085787382238124 9.104416510683153 32.70503355754279 40.25701757457947 18.221759519870744 19.491198526514474 10.38412095461142 26.710788307348775 15.999562494018392 15.999562494018392 15.999562494018392 15.999562494018392 15.999562494018392 15.999562494018392 15.999562494018392 15.999562494018392 15.999562494018392 15.999562494018392 15.999562494018392 14.231865654228192 23.778687936890044
12 4.996349467361145 8.90554613709906 2.5445926982525124 32.66689578150945 15.80573389627954 20.04364447898635 27.340772556751208 28.171110379252006 29.32122234832648 7.828363047278786 20.205372057945382 0.0 26.470237626436223 26.243186544320416 10.889975022928198 16.015908216520224 16.172303484661672 24.40767592377447 6.754626562586565 13.774124291583838 22.234877107823195 21.780881892154873 13.619311289488909 27.26631694967254 17.416079926320965 23.10967598215085 13.54218091741504 20.972822032335085 23.031290107156394 20.5499095861758 15.909970961632833 11.296397478842536 29.416640868732784 9.792652347551199 12.069549950184557 11.822909963287382 20.077721185433372 13.287960415353442 14.772359730252981 16.7717870246435 23.256884486104322 15.079931299578258 18.699681815474825 12.064451085731172 27.17299549184815 14.348979754672456 2.5279620250312305 2.3624538090722536 9.735460954674924 6.93039017660622 9.209752222508484 29.178826569963363 8.096587182263894 9.130352238550273 12.064514080558736 21.85945077077647 32.53283369151848 21.585017488989905 12.574856182080174 30.89898956276726 12.86342489386089 11.881969533709468 18.45609113544902 24.650022799178096 9.75553688937723 9.75553688937723 9.75553688937723 9.75553688937723 9.75553688937723 9.75553688937723 9.75553688937723 9.75553688937723 9.75553688937723 9.75553688937723 9.75553688937723 20.765415960196897 3.8908225351460066
13 27.986113199227933 29.487675662893473 28.856635701342597 37.441497940119866 33.852905576922055 14.221429604649456 11.316963020174628 6.821537949758838 34.727714926266025 25.7846683903439 38.92881755203978 26.470237626436223 0.0 21.52663726641948 19.137163530680297 11.795168671960566 34.66149217791987 47.19757913283265 27.53440734789837 19.45075268466493 39.95280826174801 46.38341298352246 40.01183864808015 21.292126244224647 28.7256458238975 33.920713259010334 36.054650296459684 44.63339637536001 4.5234875925551075 5.948967641532436 24.21289342478507 15.216044295413969 11.06649357294351 17.01821753298506 16.557272843074127 36.812696179443314 6.961674511207773 31.999413557126324 32.309399313512465 12.50089148820995 46.963864619513586 28.744620644565828 39.56126514660521 37.098763591257324 17.907985369661212 14.261061531316663 26.764941397283124 27.58609860056329 26.60703500956091 31.157986648690894 31.52697042216394 25.06945312526781 20.07626230153412 27.101607996574668 31.94128644873277 5.052993172368235 37.94560111528081 44.780838268170015 26.339465901950252 6.829290153449333 39.29563665345047 38.348762170375196 29.975942687428528 17.57161392701308 23.391149522843037 23.391149522843037 23.391149522843037 23.391149522843037 23.391149522843037 23.391149522843037 23.391149522843037 23.391149522843037 23.391149522843037 23.391149522843037 23.391149522843037 28.05212783373126 23.735413963105845
14 30.700693216929157 22.024022702494655 27.240901600350895 16.271104449299074 21.595914428428358 8.965058616651651 11.188504278946315 16.154371420764104 14.044707188118945 31.362555571891782 25.18507216586842 26.243186544320416 21.52663726641948 0.0 15.633341933188824 23.862793885042045 22.376359310665354 35.18005258665769 31.72244536601805 30.393878660019684 25.104394037697862 36.80782753708782 35.730015393223674 1.2521597342192405 14.329143728778773 16.28070428452037 26.74446843741711 34.128043717740404 22.93985954621344 20.308879831246234 35.48403810165917 19.825661451764987 12.972344737941556 23.017422966092447 15.687627354064734 30.089594879293408 17.340700793220556 21.30055370172334 20.467770274262904 25.80157669600833 36.063216550940105 37.86910107198216 27.449991839707348 30.351278655107762 4.395328884167826 25.344492498371316 28.28280339711748 25.442859037458824 33.18222717058033 25.839229168069235 35.17157363553698 3.824670443319266 18.60121211104266 19.59472265687882 37.46276471377947 21.865844141034206 16.889363871975764 33.69291824701446 34.84915712036663 19.014107709803266 35.42698208992688 35.48015163439976 14.852271072129003 3.9678104793450006 16.88160004264999 16.88160004264999 16.88160004264999 16.88160004264999 16.88160004264999 16.88160004264999 16.88160004264999 16.88160004264999 16.88160004264999 16.88160004264999 16.88160004264999 10.976175107932637 26.561257876840095
15 15.095015336196248 10.44368996092856 12.378892519123028 25.245757901081127 14.98697100817907 9.293618455693133 16.979415773223767 18.789381895102352 21.891138024323908 15.842854540770107 20.162346292036553 10.889975022928198 19.137163530680297 15.633341933188824 0.0 12.936759408754574 15.757374527502988 28.061214513987093 16.092937332879913 16.5792453386757 21.47303732591177 27.432381814199076 22.607583241027776 16.5720879794913 11.573841713104601 17.7453728053259 16.965785451902896 25.543893595143246 17.161139356115022 14.007535828974346 21.112358939730065 6.58166422723007 19.198250024416286 8.843178840213513 2.631916412046553 18.280040371946665 12.175854302676262 12.943619895531544 13.446028409906026 14.697868280808617 27.861619335566264 22.68368021287551 20.482078214868725 18.570438659331664 16.28466591613104 13.04888531637856 12.72627659608261 10.64215805182389 17.728853882865636 12.811139215542076 19.569100234808957 18.87736263358841 2.9678706171260227 7.974883071243114 21.834973231034656 15.778751534896543 25.36045740912415 25.655076066930697 19.684138284415702 21.860915442862865 22.068732088636175 21.626003699250585 12.927905940251884 13.76972403499794 4.265110549563751 4.265110549563751 4.265110549563751 4.265110549563751 4.265110549563751 4.265110549563751 4.265110549563751 4.265110549563751 4.265110549563751 4.265110549563751 4.265110549563751 13.141048968784798 10.940528689236183
16 16.553510805868342 21.487839258520154 18.548465057788476 37.133690632631705 27.384363786657524 14.904689731758928 18.105850988009376 16.184873184551062 33.90849197472515 14.035976916481447 32.54971065923628 16.015908216520224 11.795168671960566 23.862793885042045 12.936759408754574 0.0 28.079736822128517 39.22197037375864 15.880555405904417 8.044656363077294 34.07548238836833 37.39609674819018 29.568609909835125 24.260883166117427 24.481196457689727 30.588141231529583 27.849169538785173 36.150307605883526 7.561011572534457 6.2920537187789485 13.210453587973428 6.479320952075149 19.290380711639678 6.261579672894054 10.64842711389809 27.448515369688028 7.984330904966301 25.063524093790164 25.894365719206178 1.9616982438693271 38.49684548115599 17.277280457294196 32.26767955710481 27.716234231944284 22.044844658105443 2.4878070664744083 15.719046408736123 17.661674892263193 14.812021199012644 21.923971355573336 19.821697707310538 27.671868241952875 12.094510490300962 19.683625072633344 20.146558415769178 6.743234238850078 37.387317207844696 36.544690229908916 14.686553986555186 17.866600124254195 28.773490160215182 27.601551333213138 25.837560256339994 20.34974643576671 16.688546491531252 16.688546491531252 16.688546491531252 16.688546491531252 16.688546491531252 16.688546491531252 16.688546491531252 16.688546491531252 16.688546491531252 16.688546491531252 16.688546491531252 25.542035627568918 12.67357818455388
17 20.691185079642008 7.350228839974983 14.763161179097112 19.98952385626031 0.8404284621548702 22.076026182263874 29.768722982351797 33.0481542601096 17.181461870283332 23.994928547507705 4.470041163121432 16.172303484661672 34.66149217791987 22.376359310665354 15.757374527502988 28.079736822128517 0.0 13.145351269555333 22.689361471844023 29.038520967845447 6.185100160870477 14.470599434715897 16.41827079810782 23.627917386007596 8.048330510112018 9.692724900666478 5.600258565459276 11.751752550151828 32.918291146412805 29.756333779550193 31.96863387759946 21.634469256258637 32.10128097132574 22.530295692688988 18.386767524499785 10.224889241453914 27.755372813205017 3.076624774001535 2.3554167359514118 29.585765225864954 13.732839036411953 31.158226393682934 5.223686437756385 10.373278170376036 25.690581386959696 27.496313716569354 18.56521155279411 13.84959970540665 25.86930489982288 10.017401858765576 23.860937953064628 23.328541317450604 15.985239316319289 8.443833489594638 27.16430194207096 31.535276818192038 19.533457348866843 11.357946469322702 28.743391170841342 36.29308942484781 16.54946343541083 17.495463411981977 7.713786359499465 23.40087006929443 11.559926816377343 11.559926816377343 11.559926816377343 11.559926816377343 11.559926816377343 11.559926816377343 11.559926816377343 11.559926816377343 11.559926816377343 11.559926816377343 11.559926816377343 11.802368745298548 19.59509908114782
18 27.33987125061126 17.878390643455578 22.081018545347945 28.73165759227964 13.982893119808931 35.16368535861962 42.907031778019785 46.06991599731868 26.923048044380117 31.29069292936799 10.067199809281625 24.40767592377447 47.19757913283265 35.18005258665769 28.061214513987093 39.22197037375864 13.145351269555333 0.0 29.359169061810995 38.17876980731569 10.774888769727509 5.400903998406193 15.678145936302545 36.420710426898594 20.96822519909589 20.13538894583365 11.377732111453494 3.7765746384786287 44.98070217326537 41.929971380863115 39.718620570206106 33.08874491424539 45.241191540453485 33.13386889573869 30.65710292901141 12.877114738946764 40.23685002581589 15.329454002018466 15.407065911457638 40.42810591655266 2.5323396296705543 37.37627702166175 7.923563339811198 12.699481879194913 38.71465675942381 38.11308163872347 26.10161106138853 22.20480182302918 32.762234661268145 17.592190312749576 28.701859521640753 35.62754872286332 27.51497425039682 20.115782659394586 31.91400858557257 43.62622743258922 28.005059257212796 2.8576129898920866 35.71855993737709 49.29734475608194 16.429050611645213 18.186445612048548 20.329912936360547 36.48579586633681 23.80773554960656 23.80773554960656 23.80773554960656 23.80773554960656 23.80773554960656 23.80773554960656 23.80773554960656 23.80773554960656 23.80773554960656 23.80773554960656 23.80773554960656 24.267020253834215 28.297142470574656
19 2.063955425875278 15.563729244625145 7.967930973596594 39.33091023609802 22.38955443951487 24.45961062650017 30.91424073141697 30.705269645453367 35.96928495258142 2.2302968412298845 26.51012259496361 6.754626562586565 27.53440734789837 31.72244536601805 16.092937332879913 15.880555405904417 22.689361471844023 29.359169061810995 0.0 10.357275703581516 28.615794589701682 25.85040974530191 15.785421755531273 32.63718793033493 24.106847574911157 29.860976139436566 19.350413845703663 25.69012611880292 23.43830522883427 21.683661775631897 10.419937235895423 13.720841082091141 32.74439634502368 10.869135200189572 16.390819381592856 16.488835616865128 22.13641642181498 19.91032636598406 21.440166603830296 15.831149673981358 27.815139474753675 8.48210469164346 24.629630285491494 16.660138774932218 32.00338907053439 13.570994068232437 4.2293399012138995 8.912000897666022 3.4067961488765364 12.894002947106845 4.03385919436958 34.937501284436465 13.126893615779782 15.875592839324144 5.742480300358026 22.53587397905837 39.22183198169101 26.502519880192526 6.3767581105135225 33.00746218660259 14.886872069041234 13.298190102416193 25.178888458389103 29.591771626585658 16.07290017389519 16.07290017389519 16.07290017389519 16.07290017389519 16.07290017389519 16.07290017389519 16.07290017389519 16.07290017389519 16.07290017389519 16.07290017389519 16.07290017389519 27.312160661507537 5.169344252417321
20 11.835913483969033 21.75410517580532 16.129648849246532 41.82498129108966 28.502853260682514 21.695376097224035 25.976331996646486 24.227991249792048 38.468870791849355 8.140093856952756 33.36297828431988 13.774124291583838 19.45075268466493 30.393878660019684 16.5792453386757 8.044656363077294 29.038520967845447 38.17876980731569 10.357275703581516 0.0 35.22350266512403 35.32964698380101 25.91192505392064 30.984795303503294 27.618776584055997 33.841206597874134 27.229278433333484 34.7089360828015 14.970450360627098 14.301594456563226 5.270919843822329 10.666629083267122 27.277504651268963 7.75796493933815 15.22037502823107 25.485856862189273 15.944347838654297 25.97684261029427 27.19619885204548 6.952583692412483 36.96775643719808 9.304510089198681 32.26112521286261 25.709388946453004 29.23455393878962 5.674793388309392 12.249622524796425 16.03032650946324 8.022195460096942 20.6666070751829 13.69043885344805 34.09348940780336 14.384785851725425 20.81151777261812 13.084227145689576 14.472069927968148 41.93439313976059 35.35038104462242 6.97243630304358 25.813007108820155 25.031200530537884 23.535388248337863 28.918706748400766 27.25683481257499 19.018721302968817 19.018721302968817 19.018721302968817 19.018721302968817 19.018721302968817 19.018721302968817 19.018721302968817 19.018721302968817 19.018721302968817 19.018721302968817 19.018721302968817 29.691476217931637 9.891398283357109
21 26.584646170299127 13.510086898314162 20.648802967726724 18.206328570033 6.7624971719032905 26.648412560601052 33.92714576854351 37.67785986491271 16.189527479207047 30.0274222003821 2.2167588953244324 22.234877107823195 39.95280826174801 25.104394037697862 21.47303732591177 34.07548238836833 6.185100160870477 10.774888769727509 28.615794589701682 35.22350266512403 0.0 14.311413067897945 20.014879465038007 26.31438496336177 11.601965350749847 9.415546505646924 9.876767487391813 11.306932386814736 38.54606973479917 35.3483550961003 38.09491819127586 27.602846592335364 36.21477808850967 28.654538907475022 24.06875194105419 14.33820351369027 33.157337528818566 9.254051869316488 8.195808928958753 35.635659107135936 12.429329989987393 37.09784737690315 5.377210057269476 14.381688496139805 28.954358083024392 33.593500859541265 24.567281005434847 19.887039498125407 31.864216921179782 15.754993240239743 29.4551604986291 25.146737681059147 22.00255339727642 14.568000137287205 32.79377776347214 37.158495610021674 17.538271408551072 10.358734478689952 34.771757275122006 40.9369713095632 20.38198076733466 21.67876933776454 10.6091358743302 26.936743826973593 17.41553157385671 17.41553157385671 17.41553157385671 17.41553157385671 17.41553157385671 17.41553157385671 17.41553157385671 17.41553157385671 17.41553157385671 17.41553157385671 17.41553157385671 14.143434519238953 25.740332942679665
22 23.922192625259086 16.99075748752833 19.288188510070093 32.504068422276006 15.225576639326341 35.45913732735189 43.379750529480916 46.04236297150701 30.322081722731372 27.92367862585444 12.89473272309279 21.780881892154873 46.38341298352246 36.80782753708782 27.432381814199076 37.39609674819018 14.470599434715897 5.400903998406193 25.85040974530191 35.32964698380101 14.311413067897945 0.0 10.977271427818483 38.05997088806033 22.501940894065118 23.080908560973075 10.60140556718778 3.0072605474085563 43.72350603508369 40.82090915205099 36.268257085225365 31.632984873388097 45.71287337282573 31.160820656715703 29.904075508197877 9.983250773170031 39.461791647111006 15.73390593590797 16.35741898955945 38.39160460308999 2.8873690446494713 33.45749076066524 9.75962806668369 9.729204900710027 39.947758134844065 36.0004184975675 23.081762844289 19.81462863643929 29.197966504535895 15.486758860394257 24.636375382754668 37.778539728263716 26.330882628578937 19.5393802358212 27.70839071472755 42.4150711422249 31.847015370360847 4.023666487173112 32.09146627999412 49.197364685519496 11.814839651895408 13.61958648417785 22.165796804987632 37.56487433760427 23.33855633924258 23.33855633924258 23.33855633924258 23.33855633924258 23.33855633924258 23.33855633924258 23.33855633924258 23.33855633924258 23.33855633924258 23.33855633924258 23.33855633924258 26.248356367589956 25.620308585182965
23 14.08874458566128 13.707480293620709 11.163529907694967 36.40380254863494 16.753748237334833 31.756621293834144 39.576680861335504 41.1508672569607 33.52657751694915 17.985586784978686 17.878430020558294 13.619311289488909 40.01183864808015 35.730015393223674 22.607583241027776 29.568609909835125 16.41827079810782 15.678145936302545 15.785421755531273 25.91192505392064 20.014879465038007 10.977271427818483 0.0 36.92535367467725 22.781614516973992 26.078869070571294 10.832999215360447 11.954146059003966 36.64994237376097 34.122783591026106 26.02325882744127 24.795987820613238 41.80568631179256 23.394045396211403 24.573184815973693 6.220717000475107 33.44146623579773 15.51786544599482 16.966664374590547 30.165691770619155 13.526548266279908 22.76501034482524 14.681974390387692 6.051039249583497 37.858341696381785 27.738826579363447 14.005010817560978 12.472367698235969 18.951796748593523 10.025962497436344 13.91803693054448 37.74200768374676 20.516451252592393 16.176544624857314 16.844391945095555 35.47006427961472 35.95140125224607 13.085287157720309 21.709453977472577 44.055093371822515 0.9061236118764373 2.679022209687706 23.102253483156144 35.30359868342036 19.415818808384056 19.415818808384056 19.415818808384056 19.415818808384056 19.415818808384056 19.415818808384056 19.415818808384056 19.415818808384056 19.415818808384056 19.415818808384056 19.415818808384056 26.874188731941288 16.96248861458719
24 31.66269786357442 23.223068703338928 28.32190276093752 16.901416982016627 22.847889355474393 9.374298693769045 10.628009220921857 15.658598276985076 14.848833220155717 32.2164656658672 26.418277990815376 27.26631694967254 21.292126244224647 1.2521597342192405 16.5720879794913 24.260883166117427 23.627917386007596 36.420710426898594 32.63718793033493 30.984795303503294 26.31438496336177 38.05997088806033 36.92535367467725 0.0 15.58041257476836 17.427035663015097 27.98919562974256 35.379533631748174 22.944764021449423 20.425172900124984 36.117284504790774 20.489567394164283 12.26539196275439 23.710694970835423 16.478698128189617 31.310750230551808 17.475297307914392 22.546772806767713 21.71930100164368 26.183249912873688 37.312294006131545 38.62686505529539 28.69812572277151 31.573544938761632 3.64741497501998 25.83518012323506 29.26483391376073 26.52341011257791 34.012432197653844 27.01404886350804 36.136360525099924 3.778809336285703 19.536699107065147 20.774908423384208 38.371905608139926 21.921479238409074 17.55843102330046 34.94235784831928 35.60950715749939 18.41032894871789 36.613201171162295 36.64479499192212 16.095396236191267 3.9850279798264916 17.991844041120412 17.991844041120412 17.991844041120412 17.991844041120412 17.991844041120412 17.991844041120412 17.991844041120412 17.991844041120412 17.991844041120412 17.991844041120412 17.991844041120412 12.199444741462623 27.469737020947253
25 22.411285817641076 9.761403997376608 17.155484953798307 15.256867306232953 7.276758069360283 15.084759593709142 22.343570439837947 26.096254213967185 11.931598384122724 24.743983591976455 11.172552975931687 17.416079926320965 28.7256458238975 14.329143728778773 11.573841713104601 24.481196457689727 8.048330510112018 20.96822519909589 24.106847574911157 27.618776584055997 11.601965350749847 22.501940894065118 22.781614516973992 15.58041257476836 0.0 6.231965661009373 12.76112126734951 19.799349484263367 27.79863975089429 24.584166611866266 31.602380796389376 18.152344752125 24.642955829201984 20.113304054779263 13.871903258024835 16.700938895762718 22.132829733226615 7.385084698227908 6.261156762132697 26.2676416908713 21.746278854093635 32.07511995301031 13.148118800801884 16.92793915395492 17.746699186045838 24.595951292844926 19.92662781305457 15.598133862741403 26.735124462025606 13.827730544091464 26.44299075369501 15.41573274288316 13.250465501256928 8.367412264254702 29.457357994226165 26.42258344674116 15.118201083462278 19.373407031289048 29.268845962900553 29.353604548675108 22.675229216041018 23.162640609395122 1.3564379823641033 15.551720419297666 8.636796859947559 8.636796859947559 8.636796859947559 8.636796859947559 8.636796859947559 8.636796859947559 8.636796859947559 8.636796859947559 8.636796859947559 8.636796859947559 8.636796859947559 4.095150790874494 19.708329711063797
26 28.0594525962286 14.682635322039431 22.484510668457965 10.346695897725033 9.326756563779286 19.80960413536828 26.178775525222715 30.476776338714043 7.498305141830387 30.66640546265571 10.244489640777621 23.10967598215085 33.920713259010334 16.28070428452037 17.7453728053259 30.588141231529583 9.692724900666478 20.13538894583365 29.860976139436566 33.841206597874134 9.415546505646924 23.080908560973075 26.078869070571294 17.427035663015097 6.231965661009373 0.0 15.289659904654517 20.112775740807134 33.43645459674216 30.244988808065376 37.7518746024618 24.325916714483753 28.35130790633829 26.344111220536554 19.942696507744383 19.86339759457077 27.62809041537254 10.963599408953247 9.348099272044559 32.40630241172232 21.581496704353015 38.013231643731636 13.345867075615581 20.027856001080096 20.42570478588193 30.790157648183616 25.63763741065077 21.094508290073982 32.64913064692535 18.468153129103083 31.863475077273037 15.860647275568546 19.481077998919872 13.987973405751097 35.00433721697927 32.081552705565855 9.958962998224264 19.34810295610399 35.27045794996146 33.6797402602811 26.16681455584535 26.99738661426324 4.923090086520862 18.733338944245894 14.83442105375198 14.83442105375198 14.83442105375198 14.83442105375198 14.83442105375198 14.83442105375198 14.83442105375198 14.83442105375198 14.83442105375198 14.83442105375198 14.83442105375198 5.951474439162114 25.704086212118103
27 17.287269882777906 6.574900759707329 11.500539117797913 25.587859152340197 6.011280063347572 24.862489738559976 32.791884178863526 35.459817766029204 22.7705854118861 21.009352298440806 7.660448289754327 13.54218091741504 36.054650296459684 26.74446843741711 16.965785451902896 27.849169538785173 5.600258565459276 11.377732111453494 19.350413845703663 27.229278433333484 9.876767487391813 10.60140556718778 10.832999215360447 27.98919562974256 12.76112126734951 15.289659904654517 0.0 8.580788308774434 33.66718693327377 30.655841988110524 29.3498663710757 21.720563620679826 35.12281765462446 21.793164432913365 19.503169075819446 4.691535356362564 29.100061855604363 5.4505460276930044 6.54222744942424 29.08243208536728 10.90958569332493 27.76666922769096 5.283255435808493 4.811922277011549 29.60709029945361 26.79034729151528 15.577509171879823 11.218913494630396 22.71136261874219 6.618798984710142 19.7490481795959 28.158214289972292 16.181585212827574 9.00463991506601 23.095371051360054 32.32333776081919 25.123662233042378 8.77323133172721 25.676048449868606 38.62861845833993 11.003832241542037 12.065240320855612 12.789518990173164 27.1663226808488 12.796005157860792 12.796005157860792 12.796005157860792 12.796005157860792 12.796005157860792 12.796005157860792 12.796005157860792 12.796005157860792 12.796005157860792 12.796005157860792 12.796005157860792 16.79219306701778 17.363690506341097
28 23.687037889951544 15.146909915887136 18.57999547900914 29.496858137774606 12.539313218833 33.21163994746421 41.083384719372866 43.9454560563433 27.32472345697208 27.65836907700814 9.902421724002668 20.972822032335085 44.63339637536001 34.128043717740404 25.543893595143246 36.150307605883526 11.751752550151828 3.7765746384786287 25.69012611880292 34.7089360828015 11.306932386814736 3.0072605474085563 11.954146059003966 35.379533631748174 19.799349484263367 20.112775740807134 8.580788308774434 0.0 42.186072441032 39.20349086497273 36.07810249999298 30.169813058751295 43.42090897252152 29.98307589290999 28.083777879765396 9.262301225937323 37.6801457534336 13.322725396854803 13.771014922655484 37.26827551685213 2.351500797363249 33.640673596109814 6.8424361158873825 9.063115799767761 37.38784492318326 34.916760960890976 22.549356354450566 18.84157371346672 29.08680745630225 14.298453203056617 24.941443422544737 34.9720356856732 24.70563150376853 17.575112517420763 28.143968519027304 40.85192191317319 28.84070214124476 1.227011002395659 32.033694760361314 47.135232894301055 12.68430542047928 14.429120000887094 19.3862938180561 35.04812656904788 21.35527747419827 21.35527747419827 21.35527747419827 21.35527747419827 21.35527747419827 21.35527747419827 21.35527747419827 21.35527747419827 21.35527747419827 21.35527747419827 21.35527747419827 23.452758387874123 24.860890490889503
