param n := 3;
param numVehicles := 4;
set Origin := 65;
set S := 75 76 77;
set F := 66;
param t:
 1 2 3 4 5 6 7 8 9 10 11 12 13 14 15 16 17 18 19 20 21 22 23 24 25 26 27 28 29 30 31 32 33 34 35 36 37 38 39 40 41 42 43 44 45 46 47 48 49 50 51 52 53 54 55 56 57 58 59 60 61 62 63 64 65 66 67 68 69 70 71 72 73 74 75 76 77:=
1 0.0 6.816668174408961 2.969497095469197 18.831580204539396 10.205832891048138 11.908062646795237 15.297747415877934 15.362669364404091 17.158659767009777 2.0007843462002595 12.23512337493987 2.4981747336805724 13.993056599613967 15.350346608464578 7.547507668098124 8.276755402934171 10.345592539821004 13.66993562530563 1.031977712937639 5.917956741984517 13.292323085149564 11.961096312629543 7.04437229283064 15.83134893178721 11.205642908820538 14.0297262981143 8.643634941388953 11.843518944975772 12.025664888063362 11.033408584839048 6.196287356151261 6.787971714731875 16.25786889478446 5.516016044211619 7.850766204645251 7.231898575063121 11.122280566502537 8.975688274444472 9.750284508669479 8.36712931655774 12.91628468252384 5.260192867186525 11.283565837092457 7.3206454633454285 15.620383670063932 7.190478704509179 1.2625707900945593 3.500444828875324 2.727999450146572 5.423674953387232 2.2370482784240484 16.89994997034015 6.070126852051775 7.0523421641324235 3.5408758803437324 11.531192219367432 18.763408219190882 12.241202718687408 4.214787420499401 16.585938924281617 6.601387884377043 5.851238928637251 11.721005076357574 14.389455340630512 7.3099564978185745 7.3099564978185745 7.3099564978185745 7.3099564978185745 7.3099564978185745 7.3099564978185745 7.3099564978185745 7.3099564978185745 7.3099564978185745 7.3099564978185745 7.3099564978185745 12.870876582424367 2.282863114599734
2 6.816668174408961 0.0 3.925473984119625 12.364341147024373 3.4602973860638047 9.39402113048507 13.370729411666366 14.552725552280576 10.752801495424343 8.364805138196585 5.804550025626448 4.45277306854953 14.743837831446736 11.012011351247327 5.22184498046428 10.743919629260077 3.6751144199874917 8.939195321727789 7.781864622312573 10.87705258790266 6.755043449157081 8.495378743764165 6.853740146810354 11.611534351669464 4.880701998688304 7.3413176610197155 3.2874503798536643 7.573454957943568 13.555015049788768 12.042451079410704 12.311089716186784 7.617697092954011 14.524705917849078 7.801141070381948 6.47332750600493 4.140276319281118 11.268792748116367 2.1936492427003915 2.938635908036243 11.415011257112278 8.740987644425543 11.987150537137673 5.403148063860548 4.28091357072296 12.147637342298296 10.308429608820152 5.683412003365584 3.325924382784432 9.320017381958039 2.042489902055822 8.608095259695958 12.049142708093385 4.818317652459207 1.3244338413072962 10.20700313510288 12.88055887762639 12.237699334433739 7.669316853540477 10.735597794254403 16.1170688712309 6.715631988130381 6.825239043432838 5.238782396702502 10.881960209447561 3.1959851376375332 3.1959851376375332 3.1959851376375332 3.1959851376375332 3.1959851376375332 3.1959851376375332 3.1959851376375332 3.1959851376375332 3.1959851376375332 3.1959851376375332 3.1959851376375332 6.851446635565368 6.122607369413786
3 2.969497095469197 3.925473984119625 0.0 16.182638412817607 7.2532310041801376 10.831723454741633 14.59105112731773 15.143694298287986 14.537184115226717 4.756393276422798 9.271513846184991 1.2722963491262562 14.428317850671299 13.620450800175448 6.189446259561514 9.274232528894238 7.381580589548556 11.040509272673972 3.983965486798297 8.064824424623266 10.324401483863362 9.644094255035046 5.581764953847483 14.16095138046876 8.577742476899154 11.242255334228982 5.750269558898957 9.28999773950457 12.751787835437037 11.480042247309024 8.929322482697104 6.822528050510309 15.658839037425475 6.1557140934257175 6.955424429896425 4.6833084459599705 11.177255834953408 6.040155709913446 6.830199484641719 9.658171462549214 10.419982197681529 8.224720056026223 8.3752266237995 4.7989724941908145 14.261219197530062 8.44662707830765 2.042240436383532 0.8992469071395244 5.630006216692837 2.4714394591007083 4.68962621111747 14.979150643477753 4.915238041031177 4.402510760918138 6.281760342451787 12.156019290869851 16.081858630145955 9.62035908893218 7.103762524183927 16.545772541649423 5.219547202583764 4.794653063569876 9.030811536069171 12.984889679931824 5.20002971145358 5.20002971145358 5.20002971145358 5.20002971145358 5.20002971145358 5.20002971145358 5.20002971145358 5.20002971145358 5.20002971145358 5.20002971145358 5.20002971145358 10.395013660404686 3.1661189175392637
4 18.831580204539396 12.364341147024373 16.182638412817607 0.0 9.832066008728786 11.79134568232142 13.729125427353338 16.207340343190182 1.6937059957383398 19.931204705185284 9.850625614650067 16.333447890754726 18.720748970059933 8.135552224649537 12.622878950540564 18.566845316315852 9.994761928130155 14.36582879613982 19.66545511804901 20.91249064554483 9.1031642850165 16.252034211138003 18.20190127431747 8.450708491008314 7.628433653116477 5.173347948862516 12.793929576170099 14.748429068887303 19.079770255430226 17.594210184034974 23.121300525705728 15.745539209566626 14.583400769367891 17.040341839294186 13.420086624161561 15.097764735218258 16.137069684425363 10.63217799888621 9.834080587426564 19.53601929769727 15.297108909856137 23.574336257888575 11.524578820937448 15.177049812134108 10.272442406750208 18.947346648013806 17.58533661889928 15.42208627261565 20.926515237850758 14.325938468386635 20.84469093078619 6.7798351012395575 13.81334459861188 11.806878376607427 22.357035693490314 18.46435076031649 0.44197398113463676 14.28251255907027 22.136250269636903 17.63949616627414 18.253464465684317 18.671420406600028 7.15226125082131 10.022261321677858 11.740949918980151 11.740949918980151 11.740949918980151 11.740949918980151 11.740949918980151 11.740949918980151 11.740949918980151 11.740949918980151 11.740949918980151 11.740949918980151 11.740949918980151 6.10851086599672 17.38924682095231
5 10.205832891048138 3.4602973860638047 7.2532310041801376 9.832066008728786 0.0 10.618034516802062 14.464608843656992 16.10512977283946 8.390124790490306 11.817047897000332 2.593984001492685 7.90286694813977 16.926452788461027 10.797957214214179 7.493485504089535 13.692181893328762 0.4202142310774351 6.991446559904466 11.194777219757436 14.251426630341257 3.3812485859516452 7.612788319663171 8.376874118667416 11.423944677737197 3.6383790346801415 4.663378281889643 3.005640031673786 6.2696566094165 16.072347588326977 14.488397081803079 15.765717237093908 10.463807385459654 15.630995105878576 10.948002192181 8.806767000437787 5.268383623085927 13.476956629743972 1.2726291682968764 0.7732948984701763 14.455835223189286 7.272368321255463 15.420353951839108 3.0300080857977916 5.351637599838016 12.438853524340578 13.422644039085593 9.116291460895708 6.754176559729543 12.764192493064337 4.932436010735466 11.847501424351043 11.304887527083142 7.64629825471123 3.9032259734737367 13.4896582981186 15.380296648634577 9.619295244455282 6.085179783704011 14.18991846347258 17.727904698525432 8.421408492645396 8.857998983969235 3.5063663527931594 11.289375536317321 5.405931279622411 5.405931279622411 5.405931279622411 5.405931279622411 5.405931279622411 5.405931279622411 5.405931279622411 5.405931279622411 5.405931279622411 5.405931279622411 5.405931279622411 5.548341463897117 9.574136671261801
6 11.908062646795237 9.39402113048507 10.831723454741633 11.79134568232142 10.618034516802062 0.0 3.9775258641522373 5.517899781619815 10.343048728493935 11.85524398736694 12.98508683066848 10.021822239493176 7.110714802324728 4.482529308325826 4.646809227846567 7.452344865879464 11.038013091131937 17.58184267930981 12.229805313250084 10.847688048612017 13.324206280300526 17.729568663675945 15.878310646917072 4.687149346884523 7.542379796854571 9.90480206768414 12.431244869279988 16.605819973732103 7.290219475434193 5.837978845456705 13.440915184614475 5.708092851382149 5.136321348981194 7.339849657860848 4.057402370975795 13.503546237933206 4.36149297832749 9.95897183448171 9.883674822655792 8.419509071198867 17.7118821698881 14.84256787082343 13.629384799028898 13.647047226414953 3.8392512290810035 8.233377192865635 10.81247358378276 9.967498482568232 12.688051426440547 10.901555210152358 14.117237300548574 6.391929990229867 5.9735419978434905 8.070217964838372 15.045515810366888 6.685648061332573 12.005589531547377 16.547445724340662 13.345774050237775 7.1475893838412405 15.629968202142958 15.44456153472801 8.110900566521575 2.7807295805237873 6.238732243012197 6.238732243012197 6.238732243012197 6.238732243012197 6.238732243012197 6.238732243012197 6.238732243012197 6.238732243012197 6.238732243012197 6.238732243012197 6.238732243012197 6.943902361064706 9.676041546004233
7 15.297747415877934 13.370729411666366 14.59105112731773 13.729125427353338 14.464608843656992 3.9775258641522373 0.0 2.529450928561375 12.582130701912135 14.899545295075285 16.730401788361213 13.670386278375604 5.658481510087314 5.5942521394731575 8.489707886611884 9.052925494004688 14.884361491175898 21.453515889009893 15.457120365708485 12.988165998323243 16.963572884271755 21.689875264740458 19.788340430667752 5.314004610460929 11.171785219918974 13.089387762611358 16.395942089431763 20.541692359686433 7.050569622378039 6.260901612387788 15.615968910061264 8.6078673316914 1.1689863130079834 10.146461698542995 7.643675163165949 17.473777525194716 5.0678872323681405 13.882305572202334 13.75214266941701 9.865123668763612 21.63422922130576 17.424152920586987 17.492174764734088 17.617603753064717 3.5031759875861215 10.157618027864602 14.311008804413474 13.757087264388492 15.612480808635121 14.841591087211638 17.43137473064015 7.1477944150625925 9.676150680926792 12.047237442667095 18.147407142619574 6.732335850208307 14.038396632094424 20.46218326572216 15.995046264390735 3.914865259494891 19.523635573324967 19.292144022891804 11.664471355359401 3.813018358203905 10.206288453693634 10.206288453693634 10.206288453693634 10.206288453693634 10.206288453693634 10.206288453693634 10.206288453693634 10.206288453693634 10.206288453693634 10.206288453693634 10.206288453693634 10.144176851770675 13.016617225685021
8 15.362669364404091 14.552725552280576 15.143694298287986 16.207340343190182 16.10512977283946 5.517899781619815 2.529450928561375 0.0 15.008153550653724 14.641895505705536 18.499904918674584 14.085555189626003 3.410768974879419 8.077185710382052 9.394690947551176 8.092436592275531 16.5240771300548 23.03495799865934 15.352634822726683 12.113995624896024 18.838929932456356 23.021181485753505 20.57543362848035 7.829299138492538 13.048127106983593 15.238388169357021 17.729908883014602 21.97272802817165 5.251938499259108 4.981558491074857 14.668997682186742 8.583419481768326 2.136751038375786 9.918367859683368 8.29847455861618 18.534708117475173 4.301988493708462 15.377962478820137 15.359643290128842 8.736609239287288 23.10160280153739 16.719629571255457 19.098174258289717 18.67990631668157 6.0281114787303 9.306894326250836 14.523503193100487 14.378833332367407 15.229755382145834 15.783540794131083 17.366889905794878 9.674449079921812 10.317233834705892 13.256241397922716 17.860594614961734 5.140141632289913 16.505253527286396 21.952721972457084 15.379102347016227 1.6297729903271803 20.268482923001415 19.93142054646382 13.599053275871817 6.208446262955008 11.359658533600385 11.359658533600385 11.359658533600385 11.359658533600385 11.359658533600385 11.359658533600385 11.359658533600385 11.359658533600385 11.359658533600385 11.359658533600385 11.359658533600385 12.264495179174723 13.102131200686399
9 17.158659767009777 10.752801495424343 14.537184115226717 1.6937059957383398 8.390124790490306 10.343048728493935 12.582130701912135 15.008153550653724 0.0 18.24120963642488 8.714272488280361 14.66061117416324 17.363857463133012 7.022353594059473 10.945569012161954 16.954245987362576 8.590730935141666 13.461524022190059 17.98464247629071 19.234435395924677 8.094763739603524 15.161040861365686 16.763288758474577 7.424416610077858 5.965799192061362 3.7491525709151934 11.38529270594305 13.66236172848604 17.608445047760465 16.095935636054215 21.431459726299558 14.09086218086033 13.507609485027318 15.365721916005118 11.768918259551299 13.653009192115855 14.655399346316019 9.102663401444657 8.321715988905172 17.91881162354245 14.304537916339696 21.88220980614161 10.339529051170562 13.73965767404705 9.2122514620477 17.303959806934365 15.909572464400167 13.7648218659015 19.236303179145413 12.73775902582554 19.18729089788342 5.962507190771345 12.123408142927467 10.149245538462452 20.68842297034745 16.978980917593375 1.743212264757222 13.236064558621644 20.442965146964372 16.4945438554693 16.792266225855283 17.172576393773884 5.5190971181888075 8.800090567715765 10.048137389586191 10.048137389586191 10.048137389586191 10.048137389586191 10.048137389586191 10.048137389586191 10.048137389586191 10.048137389586191 10.048137389586191 10.048137389586191 10.048137389586191 4.416001019021621 15.698059274954979
10 2.0007843462002595 8.364805138196585 4.756393276422798 19.931204705185284 11.817047897000332 11.85524398736694 14.899545295075285 14.641895505705536 18.24120963642488 0.0 13.983730904161451 3.914181523639393 12.89233419517195 15.681277785945891 7.9214272703850535 7.0179884582407235 11.997464273753852 15.645346464683994 1.1151484206149422 4.070046928476378 15.01371110019105 13.96183931292722 8.992793392489343 16.1082328329336 12.371991795988228 15.333202731327855 10.504676149220403 13.82918453850407 10.795627355554656 10.00497981007458 4.2145420866329 6.30067631290483 15.768595149854029 4.766002622743718 7.890860029172992 9.207640142837903 10.341051832381464 10.557303159424759 11.29297666693773 6.918906055150626 14.909408170682028 3.67343830763496 13.131599902525206 9.300555037200738 15.670880000816803 5.827243773860847 2.7355703244479024 5.074184072341089 0.995948291830454 7.2226233461257 2.9079919188333374 17.354284917564307 6.4639450802122385 8.358435260262533 3.2484445508581485 10.37611796386298 19.900689686541018 14.216655373188168 2.3742630435568843 15.7296341979081 8.544897424779306 7.758775483283429 12.941432455489617 14.498807571659126 8.206066658271792 8.206066658271792 8.206066658271792 8.206066658271792 8.206066658271792 8.206066658271792 8.206066658271792 8.206066658271792 8.206066658271792 8.206066658271792 8.206066658271792 13.862594634483113 2.5509860838507135
11 12.23512337493987 5.804550025626448 9.271513846184991 9.850625614650067 2.593984001492685 12.98508683066848 16.730401788361213 18.499904918674584 8.714272488280361 13.983730904161451 0.0 10.102686028972691 19.46440877601989 12.59253608293421 10.081173146018276 16.27485532961814 2.235020581560716 5.033599904640813 13.255061297481806 16.68148914215994 1.1083794476622162 6.447366361546395 8.939215010279147 13.209138995407688 5.5862764879658435 5.1222448203888105 3.8302241448771635 4.951210862001334 18.65594864915746 17.067932885970695 18.049198791082112 13.051257257444588 17.88702381616349 13.48900237230315 11.392424939406007 6.0678682418127705 16.030649051114555 3.758340059121846 3.3594886515658904 17.026522986211837 5.673166487950093 17.494749298003672 1.6997511582581728 6.092595670155702 14.423897184880374 15.976848875795252 11.249600215118758 8.924125615431464 14.891601156356558 6.81300183472748 13.636381521503422 12.780301757000888 10.227600500606192 6.451894760456033 15.307047069895619 17.963279934354976 9.542893691119062 4.552208255341577 16.352516778771395 20.128508787289736 9.110879759935372 9.745599263257237 5.19206047730571 13.355394153674387 7.999781247009196 7.999781247009196 7.999781247009196 7.999781247009196 7.999781247009196 7.999781247009196 7.999781247009196 7.999781247009196 7.999781247009196 7.999781247009196 7.999781247009196 7.115932827114096 11.889343968445022
12 2.4981747336805724 4.45277306854953 1.2722963491262562 16.333447890754726 7.90286694813977 10.021822239493176 13.670386278375604 14.085555189626003 14.66061117416324 3.914181523639393 10.102686028972691 0.0 13.235118813218111 13.121593272160208 5.444987511464099 8.007954108260112 8.086151742330836 12.203837961887235 3.3773132812932825 6.887062145791919 11.117438553911597 10.890440946077437 6.8096556447444545 13.63315847483627 8.708039963160482 11.554837991075425 6.77109045870752 10.486411016167542 11.515645053578197 10.2749547930879 7.954985480816417 5.648198739421268 14.708320434366392 4.896326173775599 6.034774975092279 5.911454981643691 10.038860592716686 6.643980207676721 7.386179865126491 8.38589351232175 11.628442243052161 7.539965649789129 9.349840907737413 6.032225542865586 13.586497745924076 7.174489877336228 1.2639810125156152 1.1812269045361268 4.867730477337462 3.46519508830311 4.604876111254242 14.589413284981681 4.048293591131947 4.565176119275137 6.032257040279368 10.929725385388235 16.26641684575924 10.792508744494953 6.287428091040087 15.44949478138363 6.431712446930445 5.940984766854734 9.22804556772451 12.325011399589048 4.877768444688615 4.877768444688615 4.877768444688615 4.877768444688615 4.877768444688615 4.877768444688615 4.877768444688615 4.877768444688615 4.877768444688615 4.877768444688615 4.877768444688615 10.382707980098449 1.9454112675730033
13 13.993056599613967 14.743837831446736 14.428317850671299 18.720748970059933 16.926452788461027 7.110714802324728 5.658481510087314 3.410768974879419 17.363857463133012 12.89233419517195 19.46440877601989 13.235118813218111 0.0 10.76331863320974 9.568581765340149 5.897584335980283 17.330746088959934 23.598789566416325 13.767203673949185 9.725376342332465 19.976404130874005 23.19170649176123 20.005919324040075 10.646063122112324 14.36282291194875 16.960356629505167 18.027325148229842 22.316698187680004 2.2617437962775537 2.974483820766218 12.106446712392534 7.6080221477069845 5.533246786471755 8.50910876649253 8.278636421537064 18.406348089721657 3.4808372556038867 15.999706778563162 16.154699656756232 6.250445744104975 23.481932309756793 14.372310322282914 19.780632573302604 18.549381795628662 8.953992684830606 7.130530765658332 13.382470698641562 13.793049300281645 13.303517504780455 15.578993324345447 15.76348521108197 12.534726562633905 10.03813115076706 13.550803998287334 15.970643224366386 2.5264965861841175 18.972800557640404 22.390419134085008 13.169732950975126 3.4146450767246663 19.647818326725236 19.174381085187598 14.987971343714264 8.78580696350654 11.695574761421518 11.695574761421518 11.695574761421518 11.695574761421518 11.695574761421518 11.695574761421518 11.695574761421518 11.695574761421518 11.695574761421518 11.695574761421518 11.695574761421518 14.02606391686563 11.867706981552923
14 15.350346608464578 11.012011351247327 13.620450800175448 8.135552224649537 10.797957214214179 4.482529308325826 5.5942521394731575 8.077185710382052 7.022353594059473 15.681277785945891 12.59253608293421 13.121593272160208 10.76331863320974 0.0 7.816670966594412 11.931396942521022 11.188179655332677 17.590026293328844 15.861222683009025 15.196939330009842 12.552197018848931 18.40391376854391 17.865007696611837 0.6260798671096203 7.164571864389386 8.140352142260186 13.372234218708556 17.064021858870202 11.46992977310672 10.154439915623117 17.742019050829587 9.912830725882493 6.486172368970778 11.508711483046223 7.843813677032367 15.044797439646704 8.670350396610278 10.65027685086167 10.233885137131452 12.900788348004165 18.031608275470052 18.93455053599108 13.724995919853674 15.175639327553881 2.197664442083913 12.672246249185658 14.14140169855874 12.721429518729412 16.591113585290167 12.919614584034617 17.58578681776849 1.912335221659633 9.30060605552133 9.79736132843941 18.731382356889736 10.932922070517103 8.444681935987882 16.84645912350723 17.424578560183313 9.507053854901633 17.71349104496344 17.74007581719988 7.426135536064502 1.9839052396725003 8.440800021324995 8.440800021324995 8.440800021324995 8.440800021324995 8.440800021324995 8.440800021324995 8.440800021324995 8.440800021324995 8.440800021324995 8.440800021324995 8.440800021324995 5.488087553966318 13.280628938420048
15 7.547507668098124 5.22184498046428 6.189446259561514 12.622878950540564 7.493485504089535 4.646809227846567 8.489707886611884 9.394690947551176 10.945569012161954 7.9214272703850535 10.081173146018276 5.444987511464099 9.568581765340149 7.816670966594412 0.0 6.468379704377287 7.878687263751494 14.030607256993546 8.046468666439957 8.28962266933785 10.736518662955884 13.716190907099538 11.303791620513888 8.28604398974565 5.7869208565523005 8.87268640266295 8.482892725951448 12.771946797571623 8.580569678057511 7.003767914487173 10.556179469865032 3.290832113615035 9.599125012208143 4.4215894201067565 1.3159582060232764 9.140020185973333 6.087927151338131 6.471809947765772 6.723014204953013 7.3489341404043085 13.930809667783132 11.341840106437756 10.241039107434363 9.285219329665832 8.14233295806552 6.52444265818928 6.363138298041305 5.321079025911945 8.864426941432818 6.405569607771038 9.784550117404478 9.438681316794206 1.4839353085630114 3.987441535621557 10.917486615517328 7.889375767448271 12.680228704562076 12.827538033465348 9.842069142207851 10.930457721431432 11.034366044318087 10.813001849625293 6.463952970125942 6.88486201749897 2.1325552747818755 2.1325552747818755 2.1325552747818755 2.1325552747818755 2.1325552747818755 2.1325552747818755 2.1325552747818755 2.1325552747818755 2.1325552747818755 2.1325552747818755 2.1325552747818755 6.570524484392399 5.470264344618092
16 8.276755402934171 10.743919629260077 9.274232528894238 18.566845316315852 13.692181893328762 7.452344865879464 9.052925494004688 8.092436592275531 16.954245987362576 7.0179884582407235 16.27485532961814 8.007954108260112 5.897584335980283 11.931396942521022 6.468379704377287 0.0 14.039868411064258 19.61098518687932 7.9402777029522085 4.022328181538647 17.037741194184164 18.69804837409509 14.784304954917562 12.130441583058714 12.240598228844863 15.294070615764792 13.924584769392586 18.075153802941763 3.7805057862672284 3.1460268593894742 6.605226793986714 3.2396604760375745 9.645190355819839 3.130789836447027 5.324213556949045 13.724257684844014 3.9921654524831505 12.531762046895082 12.947182859603089 0.9808491219346636 19.248422740577993 8.638640228647098 16.133839778552407 13.858117115972142 11.022422329052722 1.2439035332372042 7.859523204368061 8.830837446131596 7.406010599506322 10.961985677786668 9.910848853655269 13.835934120976438 6.047255245150481 9.841812536316672 10.073279207884589 3.371617119425039 18.693658603922348 18.272345114954458 7.343276993277593 8.933300062127097 14.386745080107591 13.800775666606569 12.918780128169997 10.174873217883356 8.344273245765626 8.344273245765626 8.344273245765626 8.344273245765626 8.344273245765626 8.344273245765626 8.344273245765626 8.344273245765626 8.344273245765626 8.344273245765626 8.344273245765626 12.771017813784459 6.33678909227694
17 10.345592539821004 3.6751144199874917 7.381580589548556 9.994761928130155 0.4202142310774351 11.038013091131937 14.884361491175898 16.5240771300548 8.590730935141666 11.997464273753852 2.235020581560716 8.086151742330836 17.330746088959934 11.188179655332677 7.878687263751494 14.039868411064258 0.0 6.572675634777666 11.344680735922012 14.519260483922723 3.0925500804352386 7.2352997173579485 8.20913539905391 11.813958693003798 4.024165255056009 4.846362450333239 2.800129282729638 5.875876275075914 16.459145573206403 14.878166889775096 15.98431693879973 10.817234628129318 16.05064048566287 11.265147846344494 9.193383762249892 5.112444620726957 13.877686406602509 1.5383123870007676 1.1777083679757059 14.792882612932477 6.866419518205976 15.579113196841467 2.6118432188781924 5.186639085188018 12.845290693479848 13.748156858284677 9.282605776397055 6.924799852703325 12.93465244991144 5.008700929382788 11.930468976532314 11.664270658725302 7.9926196581596445 4.221916744797319 13.58215097103548 15.767638409096019 9.766728674433422 5.678973234661351 14.371695585420671 18.146544712423903 8.274731717705414 8.747731705990988 3.8568931797497323 11.700435034647215 5.779963408188672 5.779963408188672 5.779963408188672 5.779963408188672 5.779963408188672 5.779963408188672 5.779963408188672 5.779963408188672 5.779963408188672 5.779963408188672 5.779963408188672 5.901184372649274 9.79754954057391
18 13.66993562530563 8.939195321727789 11.040509272673972 14.36582879613982 6.991446559904466 17.58184267930981 21.453515889009893 23.03495799865934 13.461524022190059 15.645346464683994 5.033599904640813 12.203837961887235 23.598789566416325 17.590026293328844 14.030607256993546 19.61098518687932 6.572675634777666 0.0 14.679584530905498 19.089384903657844 5.3874443848637545 2.7004519992030964 7.839072968151273 18.210355213449297 10.484112599547945 10.067694472916825 5.688866055726747 1.8882873192393144 22.490351086632685 20.964985690431558 19.859310285103053 16.544372457122694 22.620595770226743 16.566934447869347 15.328551464505704 6.438557369473382 20.118425012907945 7.664727001009233 7.703532955728819 20.21405295827633 1.2661698148352771 18.688138510830875 3.961781669905599 6.3497409395974564 19.357328379711905 19.056540819361736 13.050805530694266 11.10240091151459 16.381117330634073 8.796095156374788 14.350929760820376 17.81377436143166 13.75748712519841 10.057891329697293 15.957004292786285 21.81311371629461 14.002529628606398 1.4288064949460433 17.859279968688544 24.64867237804097 8.214525305822606 9.093222806024274 10.164956468180273 18.242897933168404 11.90386777480328 11.90386777480328 11.90386777480328 11.90386777480328 11.90386777480328 11.90386777480328 11.90386777480328 11.90386777480328 11.90386777480328 11.90386777480328 11.90386777480328 12.133510126917107 14.148571235287328
19 1.031977712937639 7.781864622312573 3.983965486798297 19.66545511804901 11.194777219757436 12.229805313250084 15.457120365708485 15.352634822726683 17.98464247629071 1.1151484206149422 13.255061297481806 3.3773132812932825 13.767203673949185 15.861222683009025 8.046468666439957 7.9402777029522085 11.344680735922012 14.679584530905498 0.0 5.178637851790758 14.307897294850841 12.925204872650955 7.892710877765636 16.318593965167466 12.053423787455579 14.930488069718283 9.675206922851832 12.84506305940146 11.719152614417135 10.841830887815949 5.209968617947712 6.8604205410455705 16.37219817251184 5.434567600094786 8.195409690796428 8.244417808432564 11.06820821090749 9.95516318299203 10.720083301915148 7.915574836990679 13.907569737376837 4.24105234582173 12.314815142745747 8.330069387466109 16.001694535267195 6.785497034116219 2.1146699506069497 4.456000448833011 1.7033980744382682 6.4470014735534225 2.01692959718479 17.468750642218232 6.563446807889891 7.937796419662072 2.871240150179013 11.267936989529185 19.610915990845506 13.251259940096263 3.1883790552567612 16.503731093301294 7.443436034520617 6.649095051208096 12.589444229194552 14.795885813292829 8.036450086947594 8.036450086947594 8.036450086947594 8.036450086947594 8.036450086947594 8.036450086947594 8.036450086947594 8.036450086947594 8.036450086947594 8.036450086947594 8.036450086947594 13.656080330753769 2.5846721262086607
20 5.917956741984517 10.87705258790266 8.064824424623266 20.91249064554483 14.251426630341257 10.847688048612017 12.988165998323243 12.113995624896024 19.234435395924677 4.070046928476378 16.68148914215994 6.887062145791919 9.725376342332465 15.196939330009842 8.28962266933785 4.022328181538647 14.519260483922723 19.089384903657844 5.178637851790758 0.0 17.611751332562015 17.664823491900506 12.95596252696032 15.492397651751647 13.809388292027998 16.920603298937067 13.614639216666742 17.35446804140075 7.485225180313549 7.150797228281613 2.6354599219111643 5.333314541633561 13.638752325634481 3.878982469669075 7.610187514115535 12.742928431094636 7.972173919327148 12.988421305147135 13.59809942602274 3.4762918462062413 18.48387821859904 4.6522550445993405 16.130562606431305 12.854694473226502 14.61727696939481 2.837396694154696 6.124811262398213 8.01516325473162 4.011097730048471 10.33330353759145 6.845219426724025 17.04674470390168 7.192392925862713 10.40575888630906 6.542113572844788 7.236034963984074 20.967196569880294 17.67519052231121 3.48621815152179 12.906503554410078 12.515600265268942 11.767694124168932 14.459353374200383 13.628417406287495 9.509360651484409 9.509360651484409 9.509360651484409 9.509360651484409 9.509360651484409 9.509360651484409 9.509360651484409 9.509360651484409 9.509360651484409 9.509360651484409 9.509360651484409 14.845738108965818 4.9456991416785545
21 13.292323085149564 6.755043449157081 10.324401483863362 9.1031642850165 3.3812485859516452 13.324206280300526 16.963572884271755 18.838929932456356 8.094763739603524 15.01371110019105 1.1083794476622162 11.117438553911597 19.976404130874005 12.552197018848931 10.736518662955884 17.037741194184164 3.0925500804352386 5.3874443848637545 14.307897294850841 17.611751332562015 0.0 7.1557065339489725 10.007439732519003 13.157192481680886 5.800982675374923 4.707773252823462 4.938383743695907 5.653466193407368 19.273034867399584 17.67417754805015 19.04745909563793 13.801423296167682 18.107389044254834 14.327269453737511 12.034375970527096 7.169101756845135 16.578668764409283 4.627025934658244 4.0979044644793765 17.817829553567968 6.214664994993696 18.548923688451573 2.688605028634738 7.190844248069903 14.477179041512196 16.796750429770633 12.283640502717423 9.943519749062704 15.932108460589891 7.877496620119872 14.72758024931455 12.573368840529573 11.00127669863821 7.284000068643603 16.39688888173607 18.579247805010837 8.769135704275536 5.179367239344976 17.385878637561003 20.4684856547816 10.19099038366733 10.83938466888227 5.3045679371651 13.468371913486797 8.707765786928356 8.707765786928356 8.707765786928356 8.707765786928356 8.707765786928356 8.707765786928356 8.707765786928356 8.707765786928356 8.707765786928356 8.707765786928356 8.707765786928356 7.071717259619477 12.870166471339832
22 11.961096312629543 8.495378743764165 9.644094255035046 16.252034211138003 7.612788319663171 17.729568663675945 21.689875264740458 23.021181485753505 15.161040861365686 13.96183931292722 6.447366361546395 10.890440946077437 23.19170649176123 18.40391376854391 13.716190907099538 18.69804837409509 7.2352997173579485 2.7004519992030964 12.925204872650955 17.664823491900506 7.1557065339489725 0.0 5.488635713909241 19.029985444030164 11.250970447032559 11.540454280486538 5.30070278359389 1.5036302737042782 21.861753017541844 20.410454576025494 18.134128542612682 15.816492436694048 22.856436686412867 15.580410328357852 14.952037754098939 4.9916253865850155 19.730895823555503 7.866952967953985 8.178709494779724 19.195802301544994 1.4436845223247357 16.72874538033262 4.879814033341845 4.864602450355013 19.973879067422033 18.00020924878375 11.5408814221445 9.907314318219646 14.598983252267947 7.743379430197129 12.318187691377334 18.889269864131858 13.165441314289469 9.7696901179106 13.854195357363775 21.20753557111245 15.923507685180423 2.011833243586556 16.04573313999706 24.598682342759748 5.907419825947704 6.809793242088925 11.082898402493816 18.782437168802137 11.66927816962129 11.66927816962129 11.66927816962129 11.66927816962129 11.66927816962129 11.66927816962129 11.66927816962129 11.66927816962129 11.66927816962129 11.66927816962129 11.66927816962129 13.124178183794978 12.810154292591482
23 7.04437229283064 6.853740146810354 5.581764953847483 18.20190127431747 8.376874118667416 15.878310646917072 19.788340430667752 20.57543362848035 16.763288758474577 8.992793392489343 8.939215010279147 6.8096556447444545 20.005919324040075 17.865007696611837 11.303791620513888 14.784304954917562 8.20913539905391 7.839072968151273 7.892710877765636 12.95596252696032 10.007439732519003 5.488635713909241 0.0 18.462676837338623 11.390807258486996 13.039434535285647 5.416499607680223 5.977073029501983 18.324971186880486 17.061391795513053 13.011629413720636 12.397993910306619 20.90284315589628 11.697022698105702 12.286592407986847 3.1103585002375533 16.720733117898867 7.75893272299741 8.483332187295273 15.082845885309577 6.763274133139954 11.38250517241262 7.340987195193846 3.0255196247917486 18.929170848190893 13.869413289681724 7.002505408780489 6.236183849117984 9.475898374296762 5.012981248718172 6.95901846527224 18.87100384187338 10.258225626296197 8.088272312428657 8.422195972547778 17.73503213980736 17.975700626123036 6.5426435788601545 10.854726988736289 22.027546685911258 0.45306180593821865 1.339511104843853 11.551126741578072 17.65179934171018 9.707909404192028 9.707909404192028 9.707909404192028 9.707909404192028 9.707909404192028 9.707909404192028 9.707909404192028 9.707909404192028 9.707909404192028 9.707909404192028 9.707909404192028 13.437094365970644 8.481244307293595
24 15.83134893178721 11.611534351669464 14.16095138046876 8.450708491008314 11.423944677737197 4.687149346884523 5.314004610460929 7.829299138492538 7.424416610077858 16.1082328329336 13.209138995407688 13.63315847483627 10.646063122112324 0.6260798671096203 8.28604398974565 12.130441583058714 11.813958693003798 18.210355213449297 16.318593965167466 15.492397651751647 13.157192481680886 19.029985444030164 18.462676837338623 0.0 7.79020628738418 8.713517831507549 13.99459781487128 17.689766815874087 11.472382010724711 10.212586450062492 18.058642252395387 10.244783697082141 6.132695981377195 11.855347485417711 8.239349064094808 15.655375115275904 8.737648653957196 11.273386403383856 10.85965050082184 13.091624956436844 18.656147003065772 19.313432527647695 14.349062861385756 15.786772469380816 1.82370748750999 12.91759006161753 14.632416956880364 13.261705056288955 17.006216098826922 13.50702443175402 18.068180262549962 1.8894046681428516 9.768349553532573 10.387454211692104 19.185952804069963 10.960739619204537 8.77921551165023 17.47117892415964 17.804753578749693 9.205164474358945 18.306600585581148 18.32239749596106 8.047698118095633 1.9925139899132458 8.995922020560206 8.995922020560206 8.995922020560206 8.995922020560206 8.995922020560206 8.995922020560206 8.995922020560206 8.995922020560206 8.995922020560206 8.995922020560206 8.995922020560206 6.099722370731311 13.734868510473627
25 11.205642908820538 4.880701998688304 8.577742476899154 7.628433653116477 3.6383790346801415 7.542379796854571 11.171785219918974 13.048127106983593 5.965799192061362 12.371991795988228 5.5862764879658435 8.708039963160482 14.36282291194875 7.164571864389386 5.7869208565523005 12.240598228844863 4.024165255056009 10.484112599547945 12.053423787455579 13.809388292027998 5.800982675374923 11.250970447032559 11.390807258486996 7.79020628738418 0.0 3.1159828305046866 6.380560633674755 9.899674742131683 13.899319875447144 12.292083305933133 15.801190398194688 9.0761723760625 12.321477914600992 10.056652027389632 6.9359516290124175 8.350469447881359 11.066414866613307 3.692542349113954 3.1305783810663486 13.13382084543565 10.873139427046818 16.037559976505154 6.574059400400942 8.46396957697746 8.873349593022919 12.297975646422463 9.963313906527285 7.799066931370701 13.367562231012803 6.913865272045732 13.221495376847505 7.70786637144158 6.625232750628464 4.183706132127351 14.728678997113082 13.21129172337058 7.559100541731139 9.686703515644524 14.634422981450276 14.676802274337554 11.337614608020509 11.581320304697561 0.6782189911820516 7.775860209648833 4.318398429973779 4.318398429973779 4.318398429973779 4.318398429973779 4.318398429973779 4.318398429973779 4.318398429973779 4.318398429973779 4.318398429973779 4.318398429973779 4.318398429973779 2.047575395437247 9.854164855531899
26 14.0297262981143 7.3413176610197155 11.242255334228982 5.173347948862516 4.663378281889643 9.90480206768414 13.089387762611358 15.238388169357021 3.7491525709151934 15.333202731327855 5.1222448203888105 11.554837991075425 16.960356629505167 8.140352142260186 8.87268640266295 15.294070615764792 4.846362450333239 10.067694472916825 14.930488069718283 16.920603298937067 4.707773252823462 11.540454280486538 13.039434535285647 8.713517831507549 3.1159828305046866 0.0 7.6448299523272585 10.056387870403567 16.71822729837108 15.122494404032688 18.8759373012309 12.162958357241877 14.175653953169144 13.172055610268277 9.971348253872192 9.931698797285385 13.81404520768627 5.481799704476623 4.674049636022279 16.20315120586116 10.790748352176507 19.006615821865818 6.672933537807791 10.013928000540048 10.212852392940965 15.395078824091808 12.818818705325384 10.547254145036991 16.324565323462675 9.234076564551541 15.931737538636519 7.930323637784273 9.740538999459936 6.9939867028755485 17.502168608489637 16.040776352782927 4.979481499112132 9.674051478051995 17.63522897498073 16.83987013014055 13.083407277922674 13.49869330713162 2.461545043260431 9.366669472122947 7.41721052687599 7.41721052687599 7.41721052687599 7.41721052687599 7.41721052687599 7.41721052687599 7.41721052687599 7.41721052687599 7.41721052687599 7.41721052687599 7.41721052687599 2.975737219581057 12.852043106059051
27 8.643634941388953 3.2874503798536643 5.750269558898957 12.793929576170099 3.005640031673786 12.431244869279988 16.395942089431763 17.729908883014602 11.38529270594305 10.504676149220403 3.8302241448771635 6.77109045870752 18.027325148229842 13.372234218708556 8.482892725951448 13.924584769392586 2.800129282729638 5.688866055726747 9.675206922851832 13.614639216666742 4.938383743695907 5.30070278359389 5.416499607680223 13.99459781487128 6.380560633674755 7.6448299523272585 0.0 4.290394154387217 16.833593466636884 15.327920994055262 14.67493318553785 10.860281810339913 17.56140882731223 10.896582216456682 9.751584537909723 2.345767678181282 14.550030927802181 2.7252730138465022 3.27111372471212 14.54121604268364 5.454792846662465 13.88333461384548 2.6416277179042464 2.4059611385057744 14.803545149726805 13.39517364575764 7.788754585939912 5.609456747315198 11.355681309371095 3.309399492355071 9.87452408979795 14.079107144986146 8.090792606413787 4.502319957533005 11.547685525680027 16.161668880409596 12.561831116521189 4.386615665863605 12.838024224934303 19.314309229169965 5.5019161207710185 6.032620160427806 6.394759495086582 13.5831613404244 6.398002578930396 6.398002578930396 6.398002578930396 6.398002578930396 6.398002578930396 6.398002578930396 6.398002578930396 6.398002578930396 6.398002578930396 6.398002578930396 6.398002578930396 8.39609653350889 8.681845253170549
28 11.843518944975772 7.573454957943568 9.28999773950457 14.748429068887303 6.2696566094165 16.605819973732103 20.541692359686433 21.97272802817165 13.66236172848604 13.82918453850407 4.951210862001334 10.486411016167542 22.316698187680004 17.064021858870202 12.771946797571623 18.075153802941763 5.875876275075914 1.8882873192393144 12.84506305940146 17.35446804140075 5.653466193407368 1.5036302737042782 5.977073029501983 17.689766815874087 9.899674742131683 10.056387870403567 4.290394154387217 0.0 21.093036220516 19.601745432486364 18.03905124999649 15.084906529375647 21.71045448626076 14.991537946454995 14.041888939882698 4.6311506129686615 18.8400728767168 6.661362698427402 6.885507461327742 18.634137758426064 1.1757503986816245 16.820336798054907 3.4212180579436913 4.531557899883881 18.69392246159163 17.458380480445488 11.274678177225283 9.42078685673336 14.543403728151125 7.149226601528309 12.470721711272368 17.4860178428366 12.352815751884265 8.787556258710381 14.071984259513652 20.425960956586596 14.42035107062238 0.6135055011978295 16.016847380180657 23.567616447150527 6.34215271023964 7.214560000443547 9.69314690902805 17.52406328452394 10.677638737099135 10.677638737099135 10.677638737099135 10.677638737099135 10.677638737099135 10.677638737099135 10.677638737099135 10.677638737099135 10.677638737099135 10.677638737099135 10.677638737099135 11.726379193937062 12.430445245444751
