param n := 48.0;
param numVehicles := 4.0;
set Origin := 97 99 100 101 102;
set O := 99 100 101 102;
param Ok := 1 99 2 100 3 101 4 102;
set S := 107 108 109;
set F := 98 103 104 105 106;
param t:
 1 2 3 4 5 6 7 8 9 10 11 12 13 14 15 16 17 18 19 20 21 22 23 24 25 26 27 28 29 30 31 32 33 34 35 36 37 38 39 40 41 42 43 44 45 46 47 48 49 50 51 52 53 54 55 56 57 58 59 60 61 62 63 64 65 66 67 68 69 70 71 72 73 74 75 76 77 78 79 80 81 82 83 84 85 86 87 88 89 90 91 92 93 94 95 96 97 98 99 100 101 102 103 104 105 106 107 108 109:=
1 0.0 7.289848832451877 24.330461565699903 22.017757288152673 19.921344934516846 23.487697545736577 7.082987222916612 24.051579989680512 22.574270043569516 31.933313075846044 18.361842282298365 17.63546358902992 10.168754102642074 13.07572789560872 30.206219823076175 25.64507102739238 15.705837513485234 11.891305899689907 26.01590936331075 27.45967399660819 10.364291196217907 12.878062121297598 20.678708083436934 14.67539777995813 11.599267907932811 29.654328790245785 32.570249246820325 23.442747279275952 31.43471533193835 30.057624190877096 26.750708177541767 18.601401345059998 5.131024459111455 5.067317238934228 12.377946356322603 10.965975925561755 27.535680779672035 24.799384024608354 28.804696978097166 1.5859646906536087 21.761047768892013 9.701194359459047 30.05150305725156 15.083293539542352 23.07297709442802 9.833432361083286 21.6495798573552 20.857336838628274 31.022923782261405 13.845115961955681 31.402294438464207 23.665488966002794 10.19811060932367 0.6587169346540276 9.93575945763584 29.3160058671027 31.069103173410078 35.57991995494088 23.402231090218727 22.485795160500775 24.910329504043098 2.6320623092928486 26.14608383678137 23.51436190926728 30.40414083640582 20.79886496903136 13.309686397507646 9.147067945522215 18.94211899445255 6.403032094250346 25.0468662311276 9.857871778431692 26.078539836424895 9.410276085216628 13.124947390370751 25.87295924319443 29.17959458251605 13.787789525518585 13.604492934321364 21.310155794831722 11.914832604783 27.29234793857062 11.150959241249158 16.0259594408572 21.99245406952121 7.117583859709699 23.38345577539813 8.909771938719867 30.62015466975959 28.666209794808942 12.717243726531313 2.9706416815226966 26.583411443981376 10.057007507206107 27.050124879563867 18.676224564938174 13.785331334429362 13.785331334429362 13.785331334429362 13.785331334429362 13.785331334429362 13.785331334429362 13.785331334429362 13.785331334429362 13.785331334429362 13.785331334429362 13.785331334429362 16.385950079259977 19.172150635752892
2 7.289848832451877 0.0 25.122403228990656 20.344613537740155 15.483323932541099 19.725034854215085 12.46692857122395 29.669053304748367 18.98210789138024 33.81541950057695 24.911223896067412 13.137113229320967 15.000135466054964 8.376676429228956 31.89758693067549 21.302738321633676 9.632081602644364 17.766980722677673 22.00943624902737 21.50898844669363 16.758702217057262 17.936744966687797 24.258279576260144 21.367764974372026 8.666161318600063 35.103555717334395 30.981016768337348 18.315895828487342 29.69184143834801 26.92223950565777 24.04256267538883 21.586453993187487 8.498090373725146 8.248859315081086 16.124660988684383 12.699401088240341 30.381358297482354 29.357175068456435 27.138717139909172 8.224364048362645 23.825136473900837 8.012846934766694 29.816001945264222 7.827130764207278 17.689001554638406 16.8754922891156 16.213520900779077 13.783118515053117 35.85944204808547 20.823922877306284 32.24851115943184 28.847662782277528 15.247444507195295 6.773544124016614 14.415992924526568 33.301209587641104 32.148043113072994 35.466976753030416 17.714990826980408 23.1134087490357 27.90264682785488 4.658240010991276 27.226436637944378 16.52576775826164 36.33831239889932 13.823758389092308 18.643907315796223 16.068350133103273 22.8373338198661 8.89357993161359 26.42582411203102 10.767895430398642 28.49854803318934 12.353242489322389 19.537891902659304 25.11619724400969 29.482127806520342 18.410487554652104 20.89430783730344 19.360910825681728 14.49932757061513 31.043160277265585 18.29309257616109 9.006275589831793 14.987060152011134 9.518534761190926 17.810927544628328 12.299439499424354 34.911298457662674 31.729561862717237 5.546617708117263 9.777267511938087 27.523452472391615 3.0435610721653017 30.0567255701615 18.04240660222466 15.26858238344346 15.26858238344346 15.26858238344346 15.26858238344346 15.26858238344346 15.26858238344346 15.26858238344346 15.26858238344346 15.26858238344346 15.26858238344346 15.26858238344346 12.25763468210731 23.91672235069011
3 24.330461565699903 25.122403228990656 0.0 8.543624757677506 17.116007478381164 15.111465316110149 30.7623289755506 19.454326922307025 14.472471661744583 9.287282702706964 22.450787157692268 17.488135635338605 16.303662655980098 19.175469850827643 7.261240940775894 17.611733929400593 22.026508484097064 18.319665608301914 16.50401466310546 24.913484862620084 20.25401935419239 15.723204380787015 9.728442835315423 22.177091333175323 17.0544982922395 21.717352693180633 11.60193707964321 19.893350848964584 11.243920312773476 14.98767987381636 12.160195557638044 8.37832942775587 29.42204187339825 19.299688909409912 13.326512672113436 13.3777488390237 8.879205595096895 14.637227333070973 9.468166876433894 25.729635597885952 4.654192088859246 17.127041659317584 6.506357813708067 27.201472018991918 20.763885570865583 23.34373080722102 20.610056671440766 28.089481661290943 19.508731378539203 23.882167154594658 7.1620019547609735 17.076639716290792 16.685038207927484 24.709472920319442 33.817980602040684 14.532442327427278 7.028559169559576 11.485602117433807 22.055678361818757 2.022515265702585 8.166198870955814 24.40802572925553 2.228977343985353 28.788665547399027 24.993504836256957 27.32465114141441 16.401864528156548 29.594632013255374 10.945102283670078 30.630985945607428 2.2933198643015333 14.805968120997694 6.484553955361927 33.735263212253145 20.4137648658938 5.390224114079117 4.9880645545141045 14.321392809360407 28.29555675366717 9.556908495952024 12.601095349214686 12.331626981059717 29.59548675051654 25.72305705004753 28.120638186214762 17.251875260388363 21.58902619387915 33.2040000602337 16.72266629458353 10.41279213275671 25.61557776041758 26.38645728399324 2.4089541299078325 27.317045960352303 9.211177991983435 7.688845166863486 10.546916136956812 10.546916136956812 10.546916136956812 10.546916136956812 10.546916136956812 10.546916136956812 10.546916136956812 10.546916136956812 10.546916136956812 10.546916136956812 10.546916136956812 16.819198554033424 13.985329456255222
4 22.017757288152673 20.344613537740155 8.543624757677506 0.0 8.83736272877831 6.621789788267217 29.053867350148067 25.77797788811217 5.933444193720878 17.461055409109722 26.650454705314132 9.720387029331702 17.370022567630706 12.761981350871816 15.473743955487954 9.275000808625302 14.742487442762162 20.54133354969925 8.349626578476428 16.39347931343435 21.85874012837885 18.240264252471786 15.92532787731543 25.20684113489828 11.679200828823863 29.0844151393835 10.699761679588944 11.353167839858617 9.477897868198411 9.038247617763078 5.484210061622366 13.286649540045829 26.64712892602128 17.15429800370741 14.851888499446796 12.115068633730475 17.292770512558132 21.800619899443227 6.863997960372657 23.587517546363372 11.386342169458986 12.768502496377561 10.163058201151856 20.34547704036453 12.245408772270528 24.577375368415563 12.188683275891616 20.144942194009893 27.430628210086624 26.41711838940803 14.00996973587024 23.613177422786627 17.877375198837218 22.186605869307726 31.953516739163472 22.71176831512685 14.367774218715994 15.629813178665955 13.545230895041989 7.14445827197556 16.094968157781487 21.178338461739628 10.572940555966444 20.535328095747584 32.04362351545156 19.333255183750097 19.18791546781463 29.393664895687984 16.287697074786234 27.656708842521375 10.809288598238092 12.37248366335555 14.860689755189696 31.097660683723465 23.06497431171342 5.275583759168269 10.67085938432327 17.14874782600759 29.9870385333397 1.180579518711044 12.739481936091439 20.37361283621538 30.141957069838714 18.530798687590345 20.012265039220324 15.274059185429392 13.070830119009274 30.72683374511601 24.886681176886565 18.856530858034308 19.246497551502713 24.675568889085415 10.444878936588974 21.840225365137606 17.52052659025978 4.04199158831386 10.19224744597579 10.19224744597579 10.19224744597579 10.19224744597579 10.19224744597579 10.19224744597579 10.19224744597579 10.19224744597579 10.19224744597579 10.19224744597579 10.19224744597579 9.467941064455355 19.342231205318587
5 19.921344934516846 15.483323932541099 17.116007478381164 8.83736272877831 0.0 4.51334908909116 26.79928693081217 31.639388679302893 4.0927961102405295 26.243478199354595 30.531323783943595 2.359059134485611 19.692276049253426 7.161612388282403 24.238330718100205 5.841541234982426 7.036585819841893 23.32448370275321 6.549208501796228 9.212604409177677 23.87177789776036 21.672444163038 22.51019911062539 28.141908748341862 8.412729877988477 35.80271721531761 17.49270019179429 4.00328864809921 16.100648434146994 11.858221283143607 9.685648145581172 19.482257877361135 23.435149071426878 16.230520632438136 18.203747855867483 13.8778708741651 25.47612851278624 28.626788153755562 13.962728959626768 21.456073918590043 18.929019837276307 10.527678756497084 18.727650253034952 12.715413009414991 4.281302605516223 25.869690218477682 3.6084151645840317 11.383757024813908 34.79197022302704 28.7656951941023 22.83149719138016 29.79099259843485 20.205497568731136 19.82180627490845 29.294708122799243 30.48237536675907 23.204991962937626 23.888603475297586 5.372695785171538 15.415877788825389 23.862048948068143 18.13698651926499 19.256847613251757 11.709787359299057 38.34232924588698 10.552109173051612 22.686236355993476 28.719535720481275 22.239718343540233 24.12022993256905 19.284317462643056 12.765158988434104 23.063901838153924 27.65540236554153 25.890630660530462 13.964490538505155 19.469065206116085 21.048266151871037 31.191887470943463 7.690630403289447 15.572517458651316 28.061197408521256 30.176649582085815 10.590395648888668 11.183223327824585 15.078597812794133 5.013272384381284 27.48937169161929 32.59046289944345 27.052551229043075 12.365633020593808 22.88382293236862 19.193181810215833 15.871284510082981 25.57369226373071 10.088813012441056 13.73288083396925 13.73288083396925 13.73288083396925 13.73288083396925 13.73288083396925 13.73288083396925 13.73288083396925 13.73288083396925 13.73288083396925 13.73288083396925 13.73288083396925 3.5394937491115868 24.912968831514238
6 23.487697545736577 19.725034854215085 15.111465316110149 6.621789788267217 4.51334908909116 0.0 30.507403494889566 31.876105220054722 1.0141104476337872 23.73249999473296 31.85239011440115 6.6863759989997575 21.563460390206394 11.349159792689502 21.79799926598769 2.85667288991932 11.546259827320707 25.070701705377136 2.58919369688712 9.805756676565046 25.96996919520699 23.083121539341253 22.21091641513245 29.891597816108792 11.913618761736503 35.494015044793116 13.25728478988062 5.061367404170537 11.864847575927808 7.351186298822795 5.376134298917765 19.381389939836616 27.378526256904333 19.302639197788473 19.561109682224064 15.761451329113065 23.909610870944764 28.211665813985533 9.968406492514237 25.059786192224383 17.919633031956877 13.810562479493731 15.328148355231951 17.199591157931632 6.124137163715392 28.30406684559659 6.570042617822201 15.240990650216935 33.9921465047443 30.788566774047798 19.8405653145267 29.817337372743395 22.087616530535836 23.47052662383186 33.14075756526999 29.323536621628705 20.36496884358039 20.112302702574855 7.419818057068515 13.765746765068725 22.695252807580708 21.957672918594994 17.049653720823777 14.980654191322886 38.331137055923605 14.378840565219436 24.086059868729052 31.936711728041132 22.330573122963056 28.1543745091238 17.394682520816527 15.162115023966807 21.478800711399135 31.695053241791534 27.660160881672397 10.924556009284771 16.445700349939496 22.219237880719493 33.72666630427621 5.807952134788992 17.068125263191618 26.97308287904814 33.15458272999375 15.038045085715098 14.788783993283557 17.832300580687846 6.916034991235946 31.47618992190764 31.494366480372324 25.470442791596696 16.87253768702266 26.401737064064555 16.85071499966693 20.31259963667871 24.142312896655117 9.561077135971658 14.799879999513509 14.799879999513509 14.799879999513509 14.799879999513509 14.799879999513509 14.799879999513509 14.799879999513509 14.799879999513509 14.799879999513509 14.799879999513509 14.799879999513509 7.47237900537707 25.263341980031065
7 7.082987222916612 12.46692857122395 30.7623289755506 29.053867350148067 26.79928693081217 30.507403494889566 0.0 26.723814847435236 29.60929002863797 37.700254641049845 19.721971706703158 24.473826427430588 15.17615300397304 19.772441832004464 36.110676648326596 32.58298869041942 21.918426950855757 15.37000325309009 33.01358968667297 33.82569230629286 13.24065980229082 17.24710248128653 25.713220646196774 16.090375259763213 18.594838531162353 32.310112658423215 39.538960886700096 30.158006631738775 38.4312177793002 37.13830421545927 33.83277901680558 24.163940241607946 4.1947204912842535 11.934820484615594 17.93357989917239 17.609383862020838 32.819112724142926 28.74558226928096 35.802682860366765 5.497277871819834 27.704517248997497 16.764291813255934 36.73422382465703 19.949869673759775 29.69061515024571 11.014351546959086 28.23524846711996 26.103717129941476 34.41248732655052 14.462880764218447 37.682418446803545 26.953777100807226 14.991745195273296 7.039547712744051 3.0609344978290554 33.64126686080653 37.25360825477178 42.16862155679267 29.88891071952941 29.017782203331805 30.181615728784298 8.685208805780087 32.42392511711066 28.893777669249136 32.28106776424844 26.21810710177224 17.305064345445235 5.289703961470811 23.830027864020636 4.610846343134848 31.220544133630984 16.770861635586886 31.678748018190365 4.31876695365703 15.438998154025409 32.73347522033064 35.70150562651385 18.483369606216286 11.773906403568866 28.372246157116287 18.162568320587262 31.894991268222665 7.906842606249349 21.41757381217583 27.353964977677368 13.915485043648317 29.923407559968833 3.5404587273402868 34.6101895400762 33.76292670963227 17.90565553114434 4.428238927609936 32.91002522028812 14.292146234908177 32.237631240523854 25.606000078106693 20.335007548560192 20.335007548560192 20.335007548560192 20.335007548560192 20.335007548560192 20.335007548560192 20.335007548560192 20.335007548560192 20.335007548560192 20.335007548560192 20.335007548560192 23.287604685755035 23.253226270777997
8 24.051579989680512 29.669053304748367 19.454326922307025 25.77797788811217 31.639388679302893 31.876105220054722 26.723814847435236 0.0 30.94834328360728 19.035735867047535 7.698930834862722 30.636795981303266 14.689237556796472 29.11998145603805 18.761506122910284 34.72088904391706 32.89192642579635 12.162800993192317 34.016628521944966 40.79339539680412 13.846386098906818 11.761914470017201 9.947795936789214 10.794132109623266 26.13019900421732 5.633747243176606 30.90117674134757 35.460035250969504 30.670254319128166 34.042553370744685 30.799831687851803 12.515766696451319 28.19576493021603 21.43159247466226 14.32816359482261 18.872571631868297 13.351969143163863 5.481001733260079 28.890879183576256 24.47390136451481 14.974474949059148 24.505003244235652 25.130880605342902 35.83044431764697 35.916052622747955 15.711115173659698 35.11589429304058 39.65375392065674 8.050249437129263 12.741910688746803 22.309051526230334 2.428007413497742 14.42218346853208 24.703913374200454 29.277301788245445 9.758532061739613 21.3355322408418 28.08916467252097 36.988410076671315 19.51533315114041 12.026922465867983 26.009459586850323 19.09657016325183 41.476986438264774 6.865869209357252 39.15951097753903 11.025475409251067 22.510636063869896 9.545668965557102 29.47934829673139 17.762077355985138 20.769577752087308 14.441985597555483 30.979246020521547 11.325696093397527 24.72189717639 22.94233553934734 11.550269260930675 17.25733050039895 26.23831595205759 16.80558430998458 9.698899112785947 20.787071559024373 35.51253305524685 40.27888479091744 20.50707087811421 36.650334459592585 30.216965962849414 9.468187788589747 13.000708442234984 33.46239471406671 23.91942348803583 19.71703527409737 32.69908677623887 12.558444648920503 22.315384827513057 18.027417008545623 18.027417008545623 18.027417008545623 18.027417008545623 18.027417008545623 18.027417008545623 18.027417008545623 18.027417008545623 18.027417008545623 18.027417008545623 18.027417008545623 29.337685048415118 6.728726774063574
9 22.574270043569516 18.98210789138024 14.472471661744583 5.933444193720878 4.0927961102405295 1.0141104476337872 29.60929002863797 30.94834328360728 0.0 23.24045317974673 30.852844277310965 6.082820727261326 20.549379844657114 10.62139463535745 21.283846644814936 3.834033906996651 11.094852500146184 24.05794770964473 3.5871292142882156 10.467648637588098 24.956321042974263 22.07666152297489 21.325327008043747 28.879618972555715 11.026898929436145 34.6268807142659 13.421496935886102 5.468500708603776 12.027785997431113 7.967682724606947 5.593031378420829 18.468188866264065 26.531469767052105 18.33806151151206 18.554041284852204 14.747918361585814 23.214313687895235 27.349637584436106 9.970895446247544 24.149992132503893 17.114875518098284 12.883404518992641 15.081958758728922 16.797614235360925 6.442001241850237 27.295842687119958 6.666753332770007 15.204599567236226 33.18780553155029 29.774456972378186 19.471756469307024 28.90797599279479 21.073534492343708 22.57007523248427 32.266849861738905 28.56791157925269 19.953122061471984 20.030538784565927 7.751830751506382 13.047955395386666 21.928706300190168 21.091198638294603 16.464616120638826 15.132799476633528 37.43270206650863 14.350247523997625 23.080428505554224 30.97307863290312 21.40479245402767 27.329696229559524 16.74234153277253 14.16175412863816 20.780971392117358 30.868609622074008 26.647545177745734 10.52975555271821 16.07608036804992 21.220531944322225 32.720107823783216 5.02340521956969 16.056420522644515 26.20260941204139 32.170539193491926 14.683005823059528 14.838156219692527 16.84607835669774 7.25912666923508 30.63591630749764 30.731659050562172 24.781252672131004 16.34031444005898 25.477723367679463 16.296559882380084 19.682258915073746 23.423297547527334 8.643364159862756 13.796777159902236 13.796777159902236 13.796777159902236 13.796777159902236 13.796777159902236 13.796777159902236 13.796777159902236 13.796777159902236 13.796777159902236 13.796777159902236 13.796777159902236 6.730160473569706 24.318862226674998
10 31.933313075846044 33.81541950057695 9.287282702706964 17.461055409109722 26.243478199354595 23.73249999473296 37.700254641049845 19.035735867047535 23.24045317974673 0.0 24.752914818259285 26.747575665843062 22.544708026497037 28.392091293175287 2.0261984108176567 25.928666452403604 31.31090468191553 23.314715181618666 24.65673782153673 33.46313440190563 25.520152037164667 20.901532192640808 12.511681741476641 25.853764754866937 26.127973132258077 18.732002669228933 15.433442778589619 28.70862539377321 15.933545117142009 21.606977576699613 19.7211750157033 13.538528428156436 37.05761676093054 27.13123933770811 19.779861475753563 21.39561263436969 5.839301328069993 13.569351495189444 15.564467867550112 33.164998658224 10.190002355249973 25.947819792807255 9.637447794929942 36.43004940979356 29.66063337152462 28.585509965715147 29.649514397372517 37.34702001498915 15.246411381043082 27.871673505550397 4.795950375056022 16.728335840722472 22.774379464652814 32.40623372130738 40.74084780659332 10.246199880931465 3.8435754187995324 9.791836804195626 30.967932962986083 11.230869779318072 8.065629299688895 32.4749001538111 7.065316411881353 37.951235500310126 22.362450849582654 36.572258612232304 21.204841428315373 35.524228239329844 14.427392418590406 38.33609787132748 7.48079835311713 23.14082539582372 6.08053714732506 41.14869859424475 24.703888115031607 12.876334882255899 7.683454431439024 19.51499054573176 32.70793579546101 18.570425089372616 20.058645417874057 9.384286653763299 34.92896608833419 34.99611572732037 37.33974022405619 25.169340476063333 30.48364755077712 40.536779349129354 12.004330052110364 6.0569711902897465 34.76437745739163 33.532111475420095 7.0569398467040925 36.206751027950574 6.637193684080644 16.961303015983177 18.635840415715087 18.635840415715087 18.635840415715087 18.635840415715087 18.635840415715087 18.635840415715087 18.635840415715087 18.635840415715087 18.635840415715087 18.635840415715087 18.635840415715087 26.10499086381759 16.404833068336902
11 18.361842282298365 24.911223896067412 22.450787157692268 26.650454705314132 30.531323783943595 31.85239011440115 19.721971706703158 7.698930834862722 30.852844277310965 24.752914818259285 0.0 29.03239053195586 11.103781157785846 26.404723971289684 23.98515407496896 34.680799183409825 30.11165794173413 7.535314193847527 34.272276025965944 39.69506190951212 8.152604982458062 8.860548515752285 13.02435334287273 3.7393700004145085 23.526463822682746 12.916604042858946 33.98378254403121 34.5244389382362 33.45660096303867 35.56707443690021 32.075396178379464 14.167568598739871 21.791090472943296 17.096249062294337 12.360000647249176 16.69902536078079 18.92137098626841 11.84413052950701 31.276334631794693 18.41512530503119 17.82647884468495 21.54327700235041 28.80469475623722 31.94429107054968 34.74055411187335 8.904030772633257 33.691039758368994 36.62889886414824 15.748257173414462 5.2962175181916376 27.083406358875912 8.955998436802009 10.641796089006782 19.01697536413191 22.052092871199324 16.83342829016122 26.233158406871254 32.76913944552099 35.63018248620122 21.815182327910993 16.844028496770008 20.68691151428845 22.831578482444005 38.81454516028753 12.559215262109333 36.27621771905114 7.8461906680885605 15.126797413861272 11.525818842928258 23.00256559603732 21.383881780443886 18.152571167743705 19.193763257891874 24.037120376617494 5.380334562088124 27.115081707418845 26.844523165815406 9.6336119913561 9.567847824876813 26.77848763466675 14.967421153959691 16.07211361333661 13.211162855706533 32.083274708171544 37.46062786446591 16.857617981197702 35.37823613466336 23.260637480516305 16.958379757512215 19.070619601890236 29.487488668925334 17.55533434600435 23.47025845618237 27.933927829791497 18.132111735812792 22.710186965324613 17.060889191363973 17.060889191363973 17.060889191363973 17.060889191363973 17.060889191363973 17.060889191363973 17.060889191363973 17.060889191363973 17.060889191363973 17.060889191363973 17.060889191363973 27.625530583139938 8.658980309482175
12 17.63546358902992 13.137113229320967 17.488135635338605 9.720387029331702 2.359059134485611 6.6863759989997575 24.473826427430588 30.636795981303266 6.082820727261326 26.747575665843062 29.03239053195586 0.0 18.044557295760956 4.802599712655636 24.72429517701162 8.200569980190402 5.163419409654808 21.69239728568514 8.87488073159296 10.724858973431772 22.083542197754415 20.210130627979623 21.872013167516155 26.471384776773576 6.245480926237787 35.04096174479234 19.215941923309405 5.921924687126644 17.83679006996494 14.020009843077856 11.572214481247745 18.797264162638136 21.081029291758977 14.118294514565136 16.819162048092647 12.335928825994417 25.46106148612033 27.97289116269536 15.548872627943158 19.158113581456814 18.726975837011164 8.407702420994692 19.856808706335464 10.888596971143713 5.828965602917897 23.933195691340508 4.663576738941904 10.60162798819125 34.28632567073935 26.977525831699243 23.65683140236663 28.905656193900874 18.546408493290556 17.51704278695465 26.947989386965407 30.197205698541048 23.935929896287714 25.208780216424593 6.605389617577453 15.649371105574819 23.654320620131962 15.80179027831973 19.69024377705873 11.490508430874588 37.419756332718144 9.839558120159664 21.21692946681965 26.506604837285366 21.408358180860112 21.7614151194264 19.543731168842864 11.0022203213715 23.091544599701425 25.29638598693497 24.226929231745405 14.98906494748755 20.36088534420839 19.706667399639137 29.19567481665735 8.53992060853027 14.177176164525854 27.761330371579817 28.03241302492527 8.908563520568284 10.677136882142142 13.106914511051027 6.385685554425618 25.131749879385634 32.255125112143034 27.02776542742666 10.267613159834177 20.603130247610434 19.702566431812887 13.62666679712981 25.484527698193666 10.01801996404479 12.61062821591375 12.61062821591375 12.61062821591375 12.61062821591375 12.61062821591375 12.61062821591375 12.61062821591375 12.61062821591375 12.61062821591375 12.61062821591375 12.61062821591375 1.4268650952350046 23.916938432834584
13 10.168754102642074 15.000135466054964 16.303662655980098 17.370022567630706 19.692276049253426 21.563460390206394 15.17615300397304 14.689237556796472 20.549379844657114 22.544708026497037 11.103781157785846 18.044557295760956 0.0 15.310451985490173 21.006714450384667 24.302347952409868 19.03659854070574 3.6480553723867732 24.097705201948173 28.758826262558074 4.493095592127992 2.9366191445265764 10.64044660716833 8.449633601523797 12.42269213978999 20.1045787819591 26.6039595549234 23.694722619182524 25.74603736500046 26.38182139276968 22.822837071670122 9.008886501671558 15.050821240051986 6.751872036702117 2.9772154775897564 5.849008462979004 17.679419108104202 14.69326104035452 23.24480673182722 11.075601473509238 12.700162203688581 10.457028449803511 22.674089617887642 21.29331256521634 23.82171396016668 7.2985478007614635 22.707362066078925 25.62734984347777 21.048023565171153 9.226574012058864 22.859614169972335 13.874413861493395 0.5241717275855304 10.765877391090797 18.20443297661314 19.14730184647435 22.33443878856149 27.77345624872785 24.64926489776115 14.842968975242115 15.0381250161049 11.651209722599623 17.677123408518707 27.744620091109553 21.433034782783327 25.23964579783163 3.7053755545153586 13.313269921397973 8.829893317588837 16.373477211637116 16.369668658833632 7.074569951594231 16.506246332828066 18.818895397977002 6.198442707648429 19.472311110908226 21.285900027952778 3.6241219626276377 12.641188077075665 17.177257173367348 4.637111600986114 17.144298877469442 13.34394259579979 21.19877222859852 26.414139016822034 5.933846644462595 24.42349762011985 18.159162205344163 20.475430154211658 18.695091334358334 18.881488288797573 11.150752440979039 18.221023571687734 18.02043995023429 17.12742455829247 13.343658418889477 7.17919939826162 7.17919939826162 7.17919939826162 7.17919939826162 7.17919939826162 7.17919939826162 7.17919939826162 7.17919939826162 7.17919939826162 7.17919939826162 7.17919939826162 16.624467029050887 9.094443578361462
14 13.07572789560872 8.376676429228956 19.175469850827643 12.761981350871816 7.161612388282403 11.349159792689502 19.772441832004464 29.11998145603805 10.62139463535745 28.392091293175287 26.404723971289684 4.802599712655636 15.310451985490173 0.0 26.379638359916918 13.002953510645186 3.7769087889436777 18.883311785807066 13.648334110799016 14.499536682252987 18.86485875907901 17.87094893954991 21.37027777077313 23.469534976219705 2.9897912970640617 33.983366578371836 23.094258767061568 10.393437352483538 21.75628359807805 18.580129816554027 15.824657468646834 18.32203940613599 16.296330384476132 10.184178513753576 14.818962176886748 10.24749803610618 26.1336999294015 27.267798517665483 19.293935731208393 14.552275423451825 19.260937152693273 4.864849432407956 22.773344769708295 8.03908377864045 9.997599111786789 20.29541238802503 8.582005826145773 10.536800273327762 33.7834492614357 23.676947945206113 25.956681837245686 27.679263646274986 15.763606947650022 12.897382680218495 22.18353786031435 30.220096161329465 26.05986738262495 28.3429800126945 10.378602988841996 17.181325327226652 23.990981805670227 11.087233920144376 21.397872978406056 12.458879082806767 35.984810684509654 10.045933903823974 18.82801200339537 22.11120638952113 20.502229829947762 16.960419334438637 20.935010484831384 8.409674904537036 23.914587431105726 20.494363810569972 21.281503142400446 17.900105027624836 22.8610358470477 17.682489643712504 25.348818512901147 11.65922879096212 12.319117176161612 27.803681554786948 23.81202721315428 6.818855329158993 11.18446386734742 9.675763742464985 10.328834977866574 20.33494135718124 32.13845802150439 27.643336773985883 6.540002752292997 16.043226732799106 21.547964358611697 9.217205867289717 26.008909627279646 11.514853364242203 11.579573221841986 11.579573221841986 11.579573221841986 11.579573221841986 11.579573221841986 11.579573221841986 11.579573221841986 11.579573221841986 11.579573221841986 11.579573221841986 11.579573221841986 3.89133858717023 22.561704634180458
15 30.206219823076175 31.89758693067549 7.261240940775894 15.473743955487954 24.238330718100205 21.79799926598769 36.110676648326596 18.761506122910284 21.283846644814936 2.0261984108176567 23.98515407496896 24.72429517701162 21.006714450384667 26.379638359916918 0.0 24.045031919296758 29.28580885002154 22.005861764539013 22.794923118975415 31.55450985200055 24.18268554151916 19.530581762968556 11.347099188779483 24.822267583764383 24.13883518316491 19.06175993973274 14.155094206680506 26.752060182348576 14.521398968418984 19.968800064099995 17.92293190301185 12.011485170452486 35.33627450651808 25.349762050165285 18.177799646821946 19.56052371487021 5.421020568121836 13.288210865274527 13.92331526612825 31.47143276052109 8.450156211573843 23.99962833045545 8.177096306146822 34.41638127403867 27.692187273669802 27.275947572907526 27.658949510059127 35.32447502794627 15.834196537873341 26.79738852948175 3.781524031392634 16.383474234728116 21.264695624438176 30.663539913062873 39.16121121722361 10.672258804957833 2.738199408370398 9.413373677911656 28.997977584652347 9.210017372404897 7.141133803535682 30.666312787813272 5.039284076136212 35.94356982827387 22.661452733662067 34.55114846137534 19.905392736643 34.119326136370276 13.215558860676305 36.60419702711698 5.49965526192324 21.263807373092902 4.85360773033833 39.47648074486884 23.541810975368907 11.002250315276417 6.057176239800191 18.12146263412531 31.58415045556869 16.574034873862185 18.300800856793124 9.366491979391217 33.636435601888614 32.97358900696131 35.32302795627804 23.366530337215234 28.51614518128283 38.87874740780623 12.628695736298345 6.155779398256569 32.76536445699941 31.892452335936788 5.045350334714131 34.2553414812931 6.206069609664397 14.937868656538656 16.774649087238753 16.774649087238753 16.774649087238753 16.774649087238753 16.774649087238753 16.774649087238753 16.774649087238753 16.774649087238753 16.774649087238753 16.774649087238753 16.774649087238753 24.078805036795323 15.459264277448652
16 25.64507102739238 21.302738321633676 17.611733929400593 9.275000808625302 5.841541234982426 2.85667288991932 32.58298869041942 34.72088904391706 3.834033906996651 25.928666452403604 34.680799183409825 8.200569980190402 24.302347952409868 13.002953510645186 24.045031919296758 0.0 12.399551604796038 27.838888052506697 1.4360055710198347 7.588432512713016 28.67588617636777 25.89219496296133 25.024932287620683 32.666993739859194 14.054951725281734 38.284731003364776 14.076221794217368 4.071821705330429 12.729630473819732 7.096379358517976 6.54644758628678 22.218797267178978 29.269524082225868 21.69189904088621 22.368489443858294 18.47378120472363 26.46932050506775 30.99918921520368 11.301237631339323 27.19723662433373 20.648638211756243 16.07561258552843 17.086103359162966 17.77179124342845 5.217989267907706 30.93464627242406 6.250015679980332 14.810406071408037 36.704828728656395 33.51814326599849 21.810602651004395 32.64956924677568 24.82603939415226 25.57693492191744 35.11559437059268 31.969379412181276 22.419333442366213 21.435916122246795 6.313204574540571 16.391310502824357 25.365391382748268 23.943030468175913 19.449318137148147 14.028999251550339 41.15289977632196 13.948175651317271 26.898050263913184 34.29291810272203 25.17529368249753 29.961633333314786 19.904792789677565 17.752687909158993 24.048024035250798 33.496943442648615 30.429268147623926 13.052519143828139 18.446817394878718 25.049913852147274 36.33814799903815 8.569909217722206 19.850328964528522 29.643340230142755 35.61526189711372 15.517314845036818 14.128592569679402 20.332678426611682 5.82929704166806 33.329109199017005 34.148798221899405 28.01716481016593 17.833457656887514 28.59284560864833 19.19775361858778 21.52754263728213 26.739131249911615 12.406202642226992 17.621362149391288 17.621362149391288 17.621362149391288 17.621362149391288 17.621362149391288 17.621362149391288 17.621362149391288 17.621362149391288 17.621362149391288 17.621362149391288 17.621362149391288 9.299484071710646 28.11662148978785
17 15.705837513485234 9.632081602644364 22.026508484097064 14.742487442762162 7.036585819841893 11.546259827320707 21.918426950855757 32.89192642579635 11.094852500146184 31.31090468191553 30.11165794173413 5.163419409654808 19.03659854070574 3.7769087889436777 29.28580885002154 12.399551604796038 0.0 22.579662530693412 13.382066208175775 11.91123587206634 22.455472027993533 21.63342487910779 24.99844291150951 27.101571614945136 6.764427248481575 37.724624583950465 24.368524698881547 8.91873017867454 22.986072739813558 18.875571726440498 16.66301029226112 21.930011035108944 18.094360668451372 13.567839179471433 18.595652180012404 14.020795983110231 29.453160373718813 30.95119416113052 20.71221909887977 17.05089792356989 22.592276999010082 8.58068761813411 24.90551296400056 5.729849212675671 8.160333571613357 23.69955586081731 6.694181951515808 6.7798725651740686 37.44239570326664 27.210830931818307 28.509277717964025 31.43091121809866 19.47959280888592 15.408018691577448 24.02879888800104 33.753096509801885 28.716011979381815 30.32029900907971 8.089638310827006 20.090081632487212 27.413222648933488 13.393299966774434 24.253911024822365 8.708131602129125 39.75593389671534 6.269543205050906 22.584283119018856 24.85231466081178 24.20023809800226 18.524770875776035 23.938455923471757 12.183857188920102 27.169678761442878 21.962589009495215 24.93725710658652 20.01545362963328 25.277587859604008 21.458976117233554 28.59094751840169 13.570124833618886 16.087783439616533 31.325000175578612 26.748495284781907 3.7884503428182876 7.409343830596606 13.299727666384753 8.208527273512587 21.92931553879418 35.71114543108355 30.988265714621722 5.4342561588500775 18.604504508317333 24.334785637025863 9.23244474665297 29.37885532147228 14.355021142443505 15.243865257866851 15.243865257866851 15.243865257866851 15.243865257866851 15.243865257866851 15.243865257866851 15.243865257866851 15.243865257866851 15.243865257866851 15.243865257866851 15.243865257866851 5.30277549967939 26.31789178486757
18 11.891305899689907 17.766980722677673 18.319665608301914 20.54133354969925 23.32448370275321 25.070701705377136 15.37000325309009 12.162800993192317 24.05794770964473 23.314715181618666 7.535314193847527 21.69239728568514 3.6480553723867732 18.883311785807066 22.005861764539013 27.838888052506697 22.579662530693412 0.0 27.57998129078408 32.40513693845468 2.236456125212386 2.5972985966191877 10.844822727919532 4.834152666186702 16.030028446637267 17.763572275868388 29.21754411308384 27.32769679281443 28.462679072778794 29.57957700846988 26.023932984850696 10.222367631816025 16.214027753769265 9.69824829543975 5.689762033688228 9.455345578031508 17.95249932460659 13.392022252072314 26.047192938971367 12.38318763485396 14.180335821129203 14.019041336696315 24.81561266622285 24.51882713344992 27.465922522282042 5.272945666323521 26.355323712677105 29.09801876417018 19.300787237830484 5.881292374980179 24.3379303146344 11.861896138476345 3.152733417211167 12.542453029611071 18.22901291897068 18.274212760061648 23.688262916474056 29.594293030920674 28.297232938928854 17.129122452711933 15.380979942773477 13.882444885537993 19.36469571152617 31.280560161224734 18.632682683929332 28.74127770298321 2.110591386318062 12.29729075853702 8.913599721773465 17.523671076575248 17.964541964659162 10.71791173690099 17.246635961833253 19.420298761862547 2.590382211180427 22.0974823905349 23.20300135758303 4.015181191428352 9.978655620873985 20.454690024539605 8.009543307829729 16.590139360475547 11.630616492688597 24.578213197870994 29.92534096714689 9.325967402902501 28.070489130045456 18.693406110176923 19.265892037484274 18.708240002736762 22.07429500573008 11.99004070051474 19.958303134284737 20.810408645675366 17.291701246551767 16.500195877625213 10.421431955350474 10.421431955350474 10.421431955350474 10.421431955350474 10.421431955350474 10.421431955350474 10.421431955350474 10.421431955350474 10.421431955350474 10.421431955350474 10.421431955350474 20.272499697866564 7.889121877623644
19 26.01590936331075 22.00943624902737 16.50401466310546 8.349626578476428 6.549208501796228 2.58919369688712 33.01358968667297 34.016628521944966 3.5871292142882156 24.65673782153673 34.272276025965944 8.87488073159296 24.097705201948173 13.648334110799016 22.794923118975415 1.4360055710198347 13.382066208175775 27.57998129078408 0.0 8.957440929194007 28.520568016783955 25.545600325692092 24.235554460337813 32.391398858338924 14.4228281553931 37.43261983885178 12.642518894587424 5.4210320050706216 11.294200458642479 5.758167069476189 5.143210670388682 21.500871238161487 29.814813231009847 21.881586139948812 22.029780752426927 18.315391996897034 25.380266980471266 30.147799986068637 9.885626130903393 27.582926023176 19.72885409748878 16.35999926650365 15.714246784367361 18.871220946192114 6.576443111591553 30.88019281027889 7.507349465690271 16.149432188160674 35.74178087337003 33.324266353514815 20.476311484249305 31.8996464557211 24.62181553013506 25.98295964666073 35.612762768423345 30.942437202004626 21.106878120650624 20.00737354077241 7.713645571323587 15.380566569538328 24.37043996320132 24.426510598118593 18.278018492167032 15.439481986128937 40.36643486858853 15.284824500137383 26.543026579499184 34.513697338882714 24.4814444835267 30.556053410085536 18.795913811251637 17.748367586907815 22.970071397364002 34.09666147880171 30.167123429322853 11.792679763310796 17.127182138343716 24.641267662196277 36.30600049578581 7.779239037335207 19.57101796023906 28.64216060285955 35.742728715082734 16.638413506100875 15.503359377889682 20.421148351647613 7.222954520139248 33.89934394645419 33.12757624698794 26.916685159952365 18.798910713123778 28.94109306850728 18.00114885222607 22.400591510047228 25.67752519227661 11.756021435842994 17.252504166062387 17.252504166062387 17.252504166062387 17.252504166062387 17.252504166062387 17.252504166062387 17.252504166062387 17.252504166062387 17.252504166062387 17.252504166062387 17.252504166062387 9.831424108439224 27.470728057334046
