param n := 40;
param numVehicles := 4;
set Origin := 81 83 84 85 86;
set O := 83 84 85 86;
param Ok := 1 83 2 84 3 85 4 86;
set S := 91 92 93;
set F := 82 87 88 89 90;
param t:
 1 2 3 4 5 6 7 8 9 10 11 12 13 14 15 16 17 18 19 20 21 22 23 24 25 26 27 28 29 30 31 32 33 34 35 36 37 38 39 40 41 42 43 44 45 46 47 48 49 50 51 52 53 54 55 56 57 58 59 60 61 62 63 64 65 66 67 68 69 70 71 72 73 74 75 76 77 78 79 80 81 82 83 84 85 86 87 88 89 90 91 92 93:=
1 0.0 1.3048283412004817 6.049473696116053 19.686347451977984 8.693249910131424 10.719527648175548 8.376481958435773 6.311368314399026 4.622915530268751 11.943205139325038 13.640873945609203 12.399825240704 8.127917568479642 9.049049729115207 4.019744519244973 4.217416270656716 4.530300210802812 5.206485282798751 2.7690305162637703 16.407231241132674 5.341625969683763 14.556822798948952 12.073110825300992 16.48964390155227 9.700245409266715 6.399367625007959 14.229228264385949 12.905292092781163 13.870136913527565 13.371983024218958 6.655988656841297 6.553176481676653 19.75583933929409 6.743289701621902 19.054537753511628 10.116881831868948 19.754962541093313 13.651086183890277 15.089568648573092 9.402019836184138 14.836583467901226 8.02025884869061 13.58347396655215 10.49894247055388 4.381960291924152 14.572997769848179 8.323263062044838 11.884767940519495 13.338566077356292 4.184680752458901 16.582403474768064 5.946578343888189 3.0483943314472954 6.5021591798417235 6.306481507148023 3.471574282656213 9.553554992776249 5.912776420599717 7.204593257082595 16.10988423297945 8.954339729985678 16.573952003067944 7.093129633666651 7.669496267682774 12.72791895794438 7.640059489297188 15.678379763228087 8.183592609606126 9.241571565486035 2.8432068162551944 6.270256533826986 7.7394057265399905 11.024823672059341 11.540072833392342 8.282357695728917 12.033153036507098 16.215737109363854 10.713289037452503 12.526172998965007 4.648798769574781 7.780041452331729 7.780041452331729 7.780041452331729 7.780041452331729 7.780041452331729 7.780041452331729 7.780041452331729 7.780041452331729 7.780041452331729 7.780041452331729 7.780041452331729 10.633204832034412 8.484871537035783
2 1.3048283412004817 0.0 5.152706958483085 19.391208961795034 8.975291471590213 9.742525853186123 7.401075935294813 5.139905543879187 5.733079887808995 12.195312624119152 14.646878472903364 11.159137108217642 9.221320783922442 7.850536032654076 2.8317063760213554 3.7959131971108078 3.714220375798937 4.943003135746527 4.069451191499906 15.163253278897638 4.053881720030815 14.999528025908015 11.017609541093748 16.593376540053566 8.95916882305496 5.193245709573157 14.807501950025195 11.978822354472078 12.599472092115604 12.532602323539992 7.672126172059477 5.298704841751426 19.488933192968773 7.826748047561005 18.66455549966299 10.866404787232987 19.453496241035953 12.796483774850024 14.05480789623252 9.173705576265242 15.008981377828409 6.71572401160143 14.589829471244688 9.41444953250056 4.850047937907418 14.858223211407209 9.038092995759671 11.985099582398139 13.665231575059385 5.4599413916268364 16.015005276302595 7.110693707367797 4.053194419220476 7.238573409173937 5.163055297011644 4.126080101015975 9.222461710411164 5.186873432039768 8.330740963443768 15.024581225445186 10.030287184323289 16.680387825227566 7.069088555110906 6.998698307542624 12.559957404386369 8.376410329013257 15.52962372370947 6.9642237902008866 8.63220064641688 2.3794856587086213 5.363742909573499 8.883096869898472 9.750073025367554 10.51671555192019 6.978017053576181 10.912802985484527 15.701998630747616 9.562669554052363 11.238925437958914 4.603660825908007 7.3909417532544515 7.3909417532544515 7.3909417532544515 7.3909417532544515 7.3909417532544515 7.3909417532544515 7.3909417532544515 7.3909417532544515 7.3909417532544515 7.3909417532544515 7.3909417532544515 9.620915756828971 8.982762381361313
3 6.049473696116053 5.152706958483085 0.0 23.069787168502444 13.892704632288128 11.4609333389563 9.486541308611901 6.672314890650771 10.657108801171171 17.027122980703464 19.690086287266496 10.633318672926151 14.15571686634061 8.345408378264063 2.749062749374777 8.190949395521866 7.328046397233031 2.9610060790211152 8.175798065020933 14.244046791554709 4.855489676644366 20.00023984856182 12.131118373835118 21.15728848411346 11.7905216593669 2.381954239694793 19.904846470143898 13.72727649608618 11.460644397240497 14.647717706182082 12.705405975410624 3.045165676937792 23.238402698980842 12.780277618267924 22.100083370883468 16.019016511633918 23.114222223557515 14.824161696365836 15.034698334186823 13.349555236036894 19.69851326877234 5.240617139230837 19.632671774366322 10.539941793008158 9.965264672852399 19.69763366498626 14.189524586821083 16.62107893609798 18.563317618356912 9.941949356137357 18.984434492499375 11.926523466626811 6.829177988601557 12.391210191099175 6.886936692027887 9.27878655859698 13.181674286675422 0.9332143376523958 13.213090478763855 15.60289876913902 14.989156213743321 21.24754115186037 11.697675837532856 10.307048316564737 16.711369333480725 13.529093280778282 19.639122281812902 7.461458302503607 11.926729015115587 3.368767875648307 8.200757830834904 13.72759647571271 8.876069682015796 11.883526454718735 5.685477728388355 11.587855711908048 18.85630276591888 10.176646697218098 9.887815633394467 3.7281891046458475 11.365911885986096 11.365911885986096 11.365911885986096 11.365911885986096 11.365911885986096 11.365911885986096 11.365911885986096 11.365911885986096 11.365911885986096 11.365911885986096 11.365911885986096 11.161718192106447 14.06356828831147
4 19.686347451977984 19.391208961795034 23.069787168502444 0.0 12.191431171113587 12.67540788298349 13.87872796764891 16.532238142489966 18.5555134663528 9.86821691087098 18.311416821207473 16.808171643578607 18.470184622791404 16.042893411102625 20.453850346572892 15.59684185981252 15.952427777614291 24.190130735487976 20.824390555307975 17.78711513989832 18.272711566705144 10.739881656703671 13.196280877580621 6.274063436083508 11.395619728650127 21.239983851217968 12.411521300791453 11.1810131920144 18.117882271391434 9.921813241540075 17.651125318233962 20.681780049115694 0.44182349416933403 18.274212212842443 1.597781274142366 14.776044463928768 0.11744360348694985 9.986629561568808 12.410650667873945 10.286601236560111 7.67186841649412 19.402530659684576 18.300233140591406 14.037096031587161 15.958010527631568 8.954212639869572 14.931648268024531 8.914298906812581 9.819255216155652 20.19349184762259 5.108506337472824 19.072128617435443 22.420439960000785 15.740120266376621 16.28822166474904 17.00435144308656 10.1691579297403 23.63908993595143 18.764595812327 13.440162573421501 18.34932118635455 6.27890826497728 12.71707906714431 12.772502691328745 7.073989327105322 15.31239501188498 4.410790858791652 16.550766749610123 11.143133715432118 21.66838898026339 14.869040352356302 19.052247242779526 17.758076500567288 12.90468864405492 19.085470625583223 14.227625241058327 4.745534532589559 14.950461732000118 18.576436525878695 23.980354501132794 12.0037139669354 12.0037139669354 12.0037139669354 12.0037139669354 12.0037139669354 12.0037139669354 12.0037139669354 12.0037139669354 12.0037139669354 12.0037139669354 12.0037139669354 13.103936393313273 13.433731760013671
5 8.693249910131424 8.975291471590213 13.892704632288128 12.191431171113587 0.0 9.744288840136052 8.506959268739918 9.320439903781367 6.40869799569304 3.2502143006269604 9.00390137662558 14.016802631128114 6.617339193361633 11.014069229853243 11.186535477975296 5.821528493445686 7.041315360073003 13.845341202007265 9.003042374664245 17.388331633598433 10.222214730673583 6.130344199145755 11.395894567781855 7.896863301336803 7.2696052850206385 13.016928055420756 6.311135000932874 10.744815773199651 15.820892010250242 10.324049593061824 5.521905558772262 12.742050855337219 12.138368671283635 6.157656209955213 12.042472877278986 4.117202934031792 12.284134686659863 10.660056660262176 13.468284671776136 3.5727660152884346 6.176255580851557 12.756811905801543 8.961889588697241 10.639648725404426 4.343776467545262 5.890606929680508 3.1543953461796765 3.4266183038091653 4.691271149699196 8.09166540336413 10.849446852259335 6.888273223384797 10.859964732907745 3.5510612498237766 9.077353854510685 5.364344694368548 4.315959800554217 14.09700127686736 6.708521893830264 14.857772242163358 6.748769517475019 7.976337066598928 2.563320112666384 6.141568610705249 5.280050094459331 3.2956609352298365 7.812385679163568 10.759742097280956 6.12570428603928 11.326544442150043 7.427275745520696 7.083528005168046 13.645566496118803 10.706579332354476 12.704803225552137 12.073205125400628 10.188000785237504 11.505831564906554 15.172259159400092 13.34063536717798 4.396497810758013 4.396497810758013 4.396497810758013 4.396497810758013 4.396497810758013 4.396497810758013 4.396497810758013 4.396497810758013 4.396497810758013 4.396497810758013 4.396497810758013 10.016446126246574 1.5261693877155313
6 10.719527648175548 9.742525853186123 11.4609333389563 12.67540788298349 9.744288840136052 0.0 2.3450383792168523 4.951757768712036 12.733555080966195 11.199140145564746 18.69877955910492 4.7222974281593055 15.069329414409918 3.438415041847043 9.337300091568226 7.049066108357901 6.223464388907516 13.447956350315836 13.119297580282261 7.656407773884564 6.734658194741586 14.537629414729212 1.6787215373610949 13.221868740839929 2.524739194451578 9.256226715028106 15.411833505459366 2.3030217107096496 6.441054339159078 3.20732115635463 13.436554990026277 8.614944283046757 12.953050644539303 13.977751357067415 11.400076929564992 13.80553733108567 12.687948376313642 3.3650213966630287 4.425781851831379 6.478319843910148 12.527594501738951 6.929660669902965 18.653873860407657 1.3868128929311268 9.646674297393895 13.256672470872923 12.425185109285092 9.987011264637685 12.706273253790823 13.647051036762482 7.918320276422266 14.019432406484935 13.746084424300616 11.592447929578983 4.809158970131888 10.196680881541797 5.754174310880754 12.234338314759814 14.646143826960051 5.607410899871705 15.551913997961792 13.310605996723062 7.5353845953607435 3.9224451557669995 8.337204567479438 12.181149535245021 10.518975472925108 4.123231863477968 3.6604428693806983 11.344876288439641 4.462326747337088 15.201642674395421 5.189659141022656 0.9907916027096717 6.560007621946792 2.3665403017907805 8.009149080894924 2.3713365429647473 6.3083786347999125 13.600269445860256 5.416953571888908 5.416953571888908 5.416953571888908 5.416953571888908 5.416953571888908 5.416953571888908 5.416953571888908 5.416953571888908 5.416953571888908 5.416953571888908 5.416953571888908 0.4374768565307199 11.067763369353358
7 8.376481958435773 7.401075935294813 9.486541308611901 13.87872796764891 8.506959268739918 2.3450383792168523 0.0 2.820094324663627 10.607020788138392 10.550427716448278 17.220958974459002 5.53360208182699 13.175735956674298 2.655469261731343 7.172478790487986 4.835159769852491 3.8989057439235433 11.259719579101425 10.807566608631195 9.163595637084823 4.645961041593009 13.933910434619564 3.7770455385128727 13.366996446472184 2.510541176718677 7.438981919590879 14.580333089473642 4.590054683770118 7.334221431072285 5.277349713634677 11.500414122978354 6.84535053886943 14.101249377271506 12.004235669129459 12.767451311831975 12.385293375612866 13.908734845412793 5.503074413452902 6.732004159238168 5.784479319696804 12.378711281874216 5.574683668155531 17.172633956385376 2.39743717331654 7.613383610458625 12.895884072059582 10.84248357158082 9.528692092832047 12.142992094208084 11.41511195740103 9.51807674900765 11.94286732740509 11.401104595608269 9.783810709534398 2.626024561956723 8.051039311790746 5.203514293244519 10.196441781327444 12.669279458595899 7.83337117721355 13.72507377029355 13.458867151435888 6.049429890493814 2.369121567163661 8.456993851245251 10.505767796786678 11.061927228109937 2.7974205976220303 3.169066897369003 9.068102613005657 2.1394225856524933 13.239587040387628 5.207993183559288 3.1876161939606216 5.304232366704913 4.006802465807367 9.443559710194034 3.0759174241191842 6.685673339312952 11.355120254757322 4.144974426941618 4.144974426941618 4.144974426941618 4.144974426941618 4.144974426941618 4.144974426941618 4.144974426941618 4.144974426941618 4.144974426941618 4.144974426941618 4.144974426941618 2.274381894053855 9.653435295271834
8 6.311368314399026 5.139905543879187 6.672314890650771 16.532238142489966 9.320439903781367 4.951757768712036 2.820094324663627 0.0 9.547898721708354 11.945054248516414 17.309017534221866 6.165744399502788 12.605641673473032 2.747840788692096 4.389107426345361 4.039852720087701 2.648563761739558 8.497454971931301 8.989092278979006 10.16201992716015 1.8259030642397203 15.25383020752493 5.98974331670398 15.39036068453238 5.15730055358421 4.707757852736268 15.625160895171607 7.2547789766470485 7.763962390429258 8.057769914808935 10.899018166789155 4.1631646616486355 16.729565505415856 11.294708584111412 15.489416935443373 12.708313184683483 16.56925951875943 8.262882789922655 9.036003762726088 7.492528344958062 14.184384970805043 3.4691811714005376 17.25624307316051 4.352565335523408 7.020593849525836 14.49259983577826 10.971033223903754 11.163347033932073 13.56219469702452 9.96606145877096 12.314915062638477 10.973402207155262 9.187146782325838 9.549160591381842 0.2657461194448567 7.083874787148626 7.110322144600763 7.376457211968358 11.92735922155445 9.926063670962423 13.27763028555924 15.482715168858464 6.764045682873528 4.002307959165561 10.61488827072617 10.487533218064199 13.411537197502755 1.9458350392569252 5.4623263359122 6.4380746345471955 1.9844709622466132 12.513519608807107 5.016101374573685 5.569250308614257 3.385700075316773 5.789779443122164 12.205958217198681 4.423736881868089 6.606160760986672 8.658318543458654 5.518442262088097 5.518442262088097 5.518442262088097 5.518442262088097 5.518442262088097 5.518442262088097 5.518442262088097 5.518442262088097 5.518442262088097 5.518442262088097 5.518442262088097 4.72918650509789 10.126263131086413
9 4.622915530268751 5.733079887808995 10.657108801171171 18.5555134663528 6.40869799569304 12.733555080966195 10.607020788138392 9.547898721708354 0.0 9.357961583592871 9.05066196474048 15.634416458569856 3.5050797423168567 12.183211112018046 8.56427801977493 5.79426509576495 6.999950285537747 9.36356155530576 3.1377243346093997 19.563474256890057 9.24939111509509 11.205385937128627 14.336890911212237 14.119501690923798 10.898834478970675 10.922454760721145 10.500244616198232 14.556602076034093 17.29649519411375 14.634025898569403 2.129000939407966 10.987500625711018 18.521823236387934 2.1231693290927134 18.29082690859 6.091875409100222 18.644414418264788 14.958345964711475 17.112308143555616 8.810286771723154 12.321394766827334 12.113066168398488 8.993120982172986 12.991863800086575 3.1644177979527295 11.706932134423603 4.555875327530375 9.822682372956992 10.4080903627899 1.7155981464200754 16.591412266591416 1.438433175368254 5.201683573613452 2.9937190916984844 9.431016117046985 2.5573063954090443 9.301445962859754 10.446429485714246 2.597688202998967 18.340576926585488 4.332953265383784 14.1912605853039 6.285121796751436 8.919958576136997 11.527633972329275 3.8916974445606636 14.20629789917134 11.483369540339629 10.022800856048173 7.353726470300619 8.57176557075612 3.1548858933406767 14.561628926737558 13.692865039866565 12.288048868717931 14.605145942440972 16.039173108361915 13.505219805689947 16.14576185876653 8.590161465304362 8.052013474901791 8.052013474901791 8.052013474901791 8.052013474901791 8.052013474901791 8.052013474901791 8.052013474901791 8.052013474901791 8.052013474901791 8.052013474901791 8.052013474901791 12.801676491772474 5.457739550399964
10 11.943205139325038 12.195312624119152 17.027122980703464 9.86821691087098 3.2502143006269604 11.199140145564746 10.550427716448278 11.945054248516414 9.357961583592871 0.0 9.026771571276187 15.813792872046857 8.651142178926433 13.191532511425653 14.295295904597427 8.859384233681256 9.945176971778833 17.08644053043231 12.147899612690253 18.761776035333114 13.084053844279303 3.3840149231349432 12.715941254975975 4.761646878969502 8.693098411958765 15.992134472921368 4.26785660490134 11.581911457095499 17.590856858038496 10.835532151214355 8.034356850426798 15.660004374201177 9.727260919703964 8.623542253621768 10.073294694388723 4.922778585311349 9.973773709083238 11.14645598385424 14.199160010366809 4.791883971884127 2.9751833556942335 15.41365579607901 9.00147687882383 12.337061643681611 7.5891860564885345 2.671844493977897 5.184334576394545 1.4153677967228164 1.6177441083187423 11.072206374521745 9.838382387364298 9.551645146256218 14.057014227779668 6.368924006455094 11.686353152288357 8.597577856582632 5.465505832034213 17.276287853587068 9.0422039901785 15.60957632352653 8.486604562485518 4.833950351420667 5.372281545116563 8.25455050260158 4.020452710827476 5.673874161452649 5.506837295580831 13.117093771106463 7.607282431985814 14.557696040239334 9.969965496429765 9.270031283658108 15.752101129690605 12.063758949846436 15.30144594474653 13.559405481067374 9.069125481544514 13.296750166864081 17.18160810285231 16.59000376732929 6.508849514315107 6.508849514315107 6.508849514315107 6.508849514315107 6.508849514315107 6.508849514315107 6.508849514315107 6.508849514315107 6.508849514315107 6.508849514315107 6.508849514315107 11.553576156324931 3.9045002241003903
11 13.640873945609203 14.646878472903364 19.690086287266496 18.311416821207473 9.00390137662558 18.69877955910492 17.220958974459002 17.309017534221866 9.05066196474048 9.026771571276187 0.0 22.744751042823044 5.613808154898064 19.5073869341847 17.452566573429824 13.283415298785176 14.686208836864605 18.33770828102574 11.92499643605817 26.297528191828217 17.59389240617323 7.65597283171773 20.365479149776956 12.160926362740629 16.258668610928755 19.743572118540254 6.00118529958874 19.740556273823696 24.536159438673366 19.258114134047496 6.986792754905501 19.707286063788693 18.07153590594889 6.9373258536701305 18.825941065455396 4.896709098976577 18.42609033408878 19.590362732731624 22.461207536550653 12.530503301942822 10.63986451981415 20.435768886929605 0.0575586657246329 19.49207318373292 10.389257240053304 9.364979978622484 6.39507325994003 10.395055411107725 8.54934576444303 10.105572373695614 18.863614738432293 7.9104551070086995 13.883412332708412 7.785769839906648 17.113466773275366 10.684978708448604 13.28702874987482 19.49708811592131 6.598342367595062 23.85569290546808 4.767025277885571 12.179570148408358 11.205847134420495 14.927280562781688 13.018357845749978 6.8246726661430435 14.24797789161676 19.05821528895085 15.1196557169798 16.40416950046542 15.710288635158808 6.180385182171093 22.119057959144644 19.673945842153778 20.511069816077367 20.98976841225267 18.095895667250073 20.289741250198336 23.702087165479753 17.51330123077885 13.28709151770996 13.28709151770996 13.28709151770996 13.28709151770996 13.28709151770996 13.28709151770996 13.28709151770996 13.28709151770996 13.28709151770996 13.28709151770996 13.28709151770996 18.943568855946864 7.631172976679273
12 12.399825240704 11.159137108217642 10.633318672926151 16.808171643578607 14.016802631128114 4.7222974281593055 5.53360208182699 6.165744399502788 15.634416458569856 15.813792872046857 22.744751042823044 0.0 18.500947273045234 3.4531905536764107 9.520383395641165 9.906657660381729 8.634853212417683 13.3044806362368 15.124381640252274 4.007765087926186 7.172952669577571 19.180348380569107 3.645621071916279 17.926325948169076 7.139581570372314 8.260587146202138 19.96450512785128 5.628622744508642 1.8040897982085036 6.8875484753285035 16.80015586237223 7.614504580076106 17.134659903248735 17.25419375108556 15.385793609690726 17.9184259353326 16.802204885073863 6.828266251399399 5.238256962005586 11.032439485444732 17.24838789568463 5.396648033733532 22.695905115240503 3.478481421540152 12.871473653004927 17.95602032745564 16.356975820731655 14.654061723631438 17.355942181281893 16.129475037954585 11.765494677233082 17.039741782081087 15.120251651344962 15.210489275496696 6.239904246060191 13.112196230990445 10.349020485050747 11.550756209010732 17.906423260941867 5.2892865303365815 19.104862051320865 18.01434075951712 11.582592887605088 7.8796797523757265 13.057275711265346 15.993584620090646 15.136246892806684 4.2320418239899285 8.206518933140897 11.899153793442625 7.1776866050281125 18.488564276330383 1.7748084403675801 4.082943178639644 4.955978309072791 2.606166917140957 12.063084348540384 2.526820136060341 1.7793673032850759 13.764064080060075 9.625529232203286 9.625529232203286 9.625529232203286 9.625529232203286 9.625529232203286 9.625529232203286 9.625529232203286 9.625529232203286 9.625529232203286 9.625529232203286 9.625529232203286 4.319584818012027 15.186929018073403
13 8.127917568479642 9.221320783922442 14.15571686634061 18.470184622791404 6.617339193361633 15.069329414409918 13.175735956674298 12.605641673473032 3.5050797423168567 8.651142178926433 5.613808154898064 18.500947273045234 0.0 15.094475313835854 12.052401005608798 8.619141720612326 9.967628002689507 12.723959328762412 6.314400842518632 22.318181758378078 12.549824062511792 9.440819138189228 16.73513671889178 13.17760919135182 12.907061051997857 14.397791844585058 8.32304854004829 16.599614694323478 20.23019807120039 16.439675970042718 1.7076805907428936 14.433741372215312 18.353952816764025 1.3953436852618066 18.50811511202586 4.0463526786477715 18.571925613678296 16.776002205531565 19.276683376556246 9.923700166772472 11.367137942331834 15.426319457343025 5.556399643654154 15.565224990343056 5.631534426779259 10.443366698531657 3.559975280813056 9.572023035910433 9.1986073402445 4.504531607170716 17.46444344947757 2.297134301689825 8.2962473444323 3.5155736374025786 12.452175753658475 5.564784272548217 10.581418855711174 13.919501463773765 0.9883966814998926 20.592588229749072 0.8468978686949211 13.232930023241263 7.757469948378788 11.147051852395771 11.832735313527468 3.324661336136358 14.064844826730226 14.49045202883609 11.871223062515504 10.83397567839249 11.324336845926123 0.7320826456077214 17.596618908188017 16.057619530926743 15.564910311338128 17.158619991129825 16.80514998445417 16.20896424821771 19.19380280194626 11.90124774971095 9.851696351390455 9.851696351390455 9.851696351390455 9.851696351390455 9.851696351390455 9.851696351390455 9.851696351390455 9.851696351390455 9.851696351390455 9.851696351390455 9.851696351390455 15.216041568029446 5.155959755467453
14 9.049049729115207 7.850536032654076 8.345408378264063 16.042893411102625 11.014069229853243 3.438415041847043 2.655469261731343 2.747840788692096 12.183211112018046 13.191532511425653 19.5073869341847 3.4531905536764107 15.094475313835854 0.0 6.621391470076361 6.4800463732908575 5.185445496772674 10.658589963029819 11.736840503304116 7.426634904181031 4.052760170550437 16.572968623635298 3.7901646402234297 15.974498333281081 4.980667625931287 6.028152702113642 17.176670515556847 5.5236535916004 5.13730522745145 6.597912472896257 13.389370859006036 5.364310300495302 16.302612827396718 13.828768455650707 14.809124889742808 14.750308234067518 16.060991999250856 6.710395293870548 6.712999404141192 8.437425318188007 15.025457397363981 3.5087754274105376 19.456885259465352 2.2532838258861223 9.463515678647127 15.551304800562557 13.113615557884867 12.183799079105007 14.789386532239936 12.688159046922449 11.354504392530746 13.591691763720954 11.87624204030888 11.866823037359243 2.7979706931989123 9.667274952125858 7.8578075822712785 9.188136046010637 14.476872901286383 7.418289358066319 15.719762370977495 16.065977032225582 8.488858168210847 4.95395377451183 11.049959004448839 12.7055166758381 13.550035608809301 0.9396983558568143 5.794734506429092 8.894863461571514 3.8107912564190656 15.060562871287381 2.635458214428755 3.610159276264691 3.1258576423119466 3.2897539421664956 11.422807404486866 1.860984954264811 4.197843851312243 10.968918132614537 6.731879975162957 6.731879975162957 6.731879975162957 6.731879975162957 6.731879975162957 6.731879975162957 6.731879975162957 6.731879975162957 6.731879975162957 6.731879975162957 6.731879975162957 3.047328009912947 12.056127404768084
15 4.019744519244973 2.8317063760213554 2.749062749374777 20.453850346572892 11.186535477975296 9.337300091568226 7.172478790487986 4.389107426345361 8.56427801977493 14.295295904597427 17.452566573429824 9.520383395641165 12.052401005608798 6.621391470076361 0.0 5.446718828799591 4.598587826713762 4.111659640583106 6.621354846253145 13.42231354871432 2.624082696867612 17.308573135876912 10.266443054924135 18.40901197783303 9.309598541290596 2.379663841806233 17.274378281142276 11.639657812839689 10.712572053433293 12.439648869642586 10.49144113075034 2.5883624166642507 20.606982554464395 10.657549530731725 19.540288252735678 13.523604844862925 20.50250787098983 12.649871145588795 13.282708910459492 10.618295578858218 16.950994218629184 4.423153852173809 17.395716972864324 8.626100683391076 7.402256007461508 16.963896545310575 11.684474228650597 13.872813160999465 15.841940821755395 8.192212460623809 16.53911802364322 9.93456289929255 5.912841110667527 9.923040058369208 4.553739671961936 6.831328567709212 10.475438176992883 3.189217615654347 11.161793493879019 14.039668514605323 12.859222138216602 18.49919979350458 8.953974424801535 7.684123437321917 13.992455431410171 11.046437842128114 16.932519304580758 5.6824623183968415 9.331825812776405 2.397298688107095 5.6243599635869685 11.712359668316202 7.89889390990916 9.907806265768421 4.783245864473203 9.9025040267601 16.35726578618811 8.476343551319754 9.225955126706394 4.348595175456092 8.646820976520793 8.646820976520793 8.646820976520793 8.646820976520793 8.646820976520793 8.646820976520793 8.646820976520793 8.646820976520793 8.646820976520793 8.646820976520793 8.646820976520793 9.098104912562835 11.435012592909551
16 4.217416270656716 3.7959131971108078 8.190949395521866 15.59684185981252 5.821528493445686 7.049066108357901 4.835159769852491 4.039852720087701 5.79426509576495 8.859384233681256 13.283415298785176 9.906657660381729 8.619141720612326 6.4800463732908575 5.446718828799591 0.0 1.4028328482039476 8.67440078622149 6.184177390728698 13.792505827441218 4.484877701788533 11.947872195499915 8.598654836659044 12.999641379668903 5.603022487907754 7.19588118301018 12.061679692314831 9.05159455565703 11.617351591477293 9.354661404882595 6.912423959798764 6.93788454790075 15.69304776007516 7.349576586443603 14.892624651148635 8.77076610108832 15.659808587591359 9.653906670358896 11.471345256769146 5.390899461128913 11.509651124165321 7.214958904941871 13.230143801183718 7.205307280054058 2.996427205857002 11.523960430338176 6.98951128477521 8.43573168136588 10.422470196647243 6.598491721598201 12.365083299355488 7.164456294793066 7.200454707863942 5.511358634674394 3.8618711785868776 3.23919557915233 5.42768394437259 8.512025904565846 8.00003524992234 12.63945608006927 9.263614845188675 13.088935212613745 3.5072678825547388 3.5361438036369504 8.7871167626247 6.473670442646892 11.75745346578076 5.87906693277088 5.042934165741211 6.115694972772922 2.7783694858675654 8.5827210720144 8.98463783354677 7.977366796130162 7.252072048732004 8.817862099171204 12.002395177630172 7.7145992766961005 10.582399066374316 8.395477949467796 3.6046227264444752 3.6046227264444752 3.6046227264444752 3.6046227264444752 3.6046227264444752 3.6046227264444752 3.6046227264444752 3.6046227264444752 3.6046227264444752 3.6046227264444752 3.6046227264444752 7.071725744116495 6.322760868481426
17 4.530300210802812 3.714220375798937 7.328046397233031 15.952427777614291 7.041315360073003 6.223464388907516 3.8989057439235433 2.648563761739558 6.999950285537747 9.945176971778833 14.686208836864605 8.634853212417683 9.967628002689507 5.185445496772674 4.598587826713762 1.4028328482039476 0.0 8.252467812721234 6.90973588496695 12.571136503912443 3.1810721463053926 13.129715076878096 7.660209200798631 13.858443779876584 5.244948522149668 6.04981404672904 13.332917347677515 8.378540206981166 10.311514437753553 8.85286947831041 8.26008722714234 5.721411189558045 16.08508004331965 8.670754523108124 15.123261321553628 10.156461293186718 16.006649649442572 9.127079379516758 10.630417583519472 6.0219024402592245 12.462088629118316 5.833189522036808 14.632919223449571 6.162347685744452 4.372044373059359 12.583391116865121 8.385307627034324 9.381512298131895 11.538221916742634 7.60574894405541 12.342519556395281 8.406248271375286 7.577078064795162 6.91205222781194 2.4848993943417503 4.484114182310705 5.886085031665784 7.7724290283025415 9.311110352691562 11.718819479794028 10.631650295226983 13.949387692655186 4.582335212530833 3.311833480113395 9.394289595280743 7.875544489113118 12.338649683008267 4.526276173633243 4.968512554074911 5.780002162629353 1.7618629345099464 9.89647800987806 7.630815487220223 7.086031682119407 5.856940925090504 7.756253219177413 12.064658221433378 6.558579876772105 9.22726665920087 8.121579279918407 4.049933950078692 4.049933950078692 4.049933950078692 4.049933950078692 4.049933950078692 4.049933950078692 4.049933950078692 4.049933950078692 4.049933950078692 4.049933950078692 4.049933950078692 6.173002915923497 7.66145971731236
18 5.206485282798751 4.943003135746527 2.9610060790211152 24.190130735487976 13.845341202007265 13.447956350315836 11.259719579101425 8.497454971931301 9.36356155530576 17.08644053043231 18.33770828102574 13.3044806362368 12.723959328762412 10.658589963029819 4.111659640583106 8.67440078622149 8.252467812721234 0.0 6.426487765490572 17.045907720036503 6.730355488382466 19.762233097501912 14.358219666797133 21.532784329946743 13.294855019893973 5.122189473262385 19.420120751426854 15.750634050729513 14.272065898110196 16.53522473388251 11.491509909494052 5.725236850995773 24.310284346341984 11.425392816004184 23.375185475199977 15.230949051191788 24.246835092440413 16.751359974640867 17.357270090656534 14.063770547047472 19.93327233546966 7.937274406242989 18.28028325819926 12.722050935285552 9.577273359364867 19.735732390767765 13.473476351706712 16.922617882585424 18.51718839348998 8.258919057600698 20.51076151682331 10.428083476842712 4.629545226045426 11.655942390042943 8.654045296853951 8.676281749689782 14.053467330164466 2.092097512067733 11.741066944703109 18.05912713837521 13.570820056282521 21.61947515551661 12.012088452887781 11.526530874465221 17.461414891124946 12.782984706241342 20.431597025196048 9.727615792166135 13.191663124867917 2.5673145502645367 9.574150719515542 12.189029903975133 11.58631002519784 14.014624147653764 8.36546340617183 13.948323089174554 20.280200615378536 12.519572876100845 12.713713737535544 0.9334907605327444 12.2053812722094 12.2053812722094 12.2053812722094 12.2053812722094 12.2053812722094 12.2053812722094 12.2053812722094 12.2053812722094 12.2053812722094 12.2053812722094 12.2053812722094 13.209516720909965 13.69128671820147
19 2.7690305162637703 4.069451191499906 8.175798065020933 20.824390555307975 9.003042374664245 13.119297580282261 10.807566608631195 8.989092278979006 3.1377243346093997 12.147899612690253 11.92499643605817 15.124381640252274 6.314400842518632 11.736840503304116 6.621354846253145 6.184177390728698 6.90973588496695 6.426487765490572 0.0 19.1314681349864 8.109106609238776 14.254486591947112 14.567885399055005 16.882172668232013 11.780482375522661 8.973727207799444 13.617820860916037 15.209020547030635 16.622924532103248 15.53856067980558 5.22386073704114 9.203717509789183 20.838840898668046 5.062595579344651 20.379284408437897 9.226550601389448 20.904302260539573 15.838050006234985 17.53645711083057 10.660444127708752 15.121803893715857 10.774693035070653 11.86770681302837 13.04370304016463 4.867315687316779 14.622506009573053 7.63713257708677 12.409821634495799 13.332336816927484 1.8331331102786832 18.258675444839913 4.018143850087998 2.0640062984400025 5.940230298565873 8.957697527824882 3.8208598508712677 10.984268614705304 7.791827320981901 5.3274333407373575 18.625326842769766 7.159878350921892 16.95917206115912 8.135147570880322 9.711592093987475 13.75262582200214 6.95428795779985 16.59566045687848 10.895756329874489 11.13612666055842 4.812232849727868 8.668366685829575 5.763359870769827 13.782256890654738 13.99515362545192 11.04561256789319 14.614392700348517 17.802195033197453 13.33907717947535 15.291663742052398 5.5886044769691825 9.393260615994853 9.393260615994853 9.393260615994853 9.393260615994853 9.393260615994853 9.393260615994853 9.393260615994853 9.393260615994853 9.393260615994853 9.393260615994853 9.393260615994853 13.081947293885571 8.326424502750266
20 16.407231241132674 15.163253278897638 14.244046791554709 17.78711513989832 17.388331633598433 7.656407773884564 9.163595637084823 10.16201992716015 19.563474256890057 18.761776035333114 26.297528191828217 4.007765087926186 22.318181758378078 7.426634904181031 13.42231354871432 13.792505827441218 12.571136503912443 17.045907720036503 19.1314681349864 0.0 11.158247935944065 22.041876077140074 6.055507410613912 20.125907308740146 10.17240856434699 11.930211272228165 23.009878400374046 7.384902504434301 2.783852905596845 8.46032983990577 20.63008797848424 11.321245205364999 18.171250837518038 21.110362029107883 16.233753786478346 21.417561322428842 17.755067614627666 8.249907696453338 5.392367290902948 14.114790257031807 19.749887392084037 9.12089299356154 26.251129385228364 6.816709616816606 16.7123470823221 20.628136537263856 19.959520159562953 17.483021535192364 20.210661147028322 20.114567109435885 12.708237643355588 20.95339125296905 19.106752340468535 18.94728859230259 10.224300954099503 17.02284280019057 13.376443847301122 15.176141340933802 21.76970475224687 4.407121623009739 22.884154364974908 20.207625986245883 15.093302918844502 11.378765662408204 15.504307788482528 19.65366123652283 17.064531432184125 8.236716153905025 11.314472943977549 15.816167740638058 11.02429625871874 22.347296033301213 5.5234693807425055 6.72609069222234 8.706709596627189 5.315688948762897 13.221074880659287 6.109270742077159 4.360521184445731 17.574772630108193 13.02032910490361 13.02032910490361 13.02032910490361 13.02032910490361 13.02032910490361 13.02032910490361 13.02032910490361 13.02032910490361 13.02032910490361 13.02032910490361 13.02032910490361 7.3719040959578415 18.67385793027247
21 5.341625969683763 4.053881720030815 4.855489676644366 18.272711566705144 10.222214730673583 6.734658194741586 4.645961041593009 1.8259030642397203 9.24939111509509 13.084053844279303 17.59389240617323 7.172952669577571 12.549824062511792 4.052760170550437 2.624082696867612 4.484877701788533 3.1810721463053926 6.730355488382466 8.109106609238776 11.158247935944065 0.0 16.301092785454596 7.6444443225129195 16.81439109810403 6.941475707657558 3.0348525499602124 16.512070887686985 9.033591755221176 8.554510506159893 9.871582750501563 10.873311777007041 2.5974252636024007 18.45700138158959 11.181208700315006 17.265389338210706 13.22368639979034 18.313214381970194 10.069575661367265 10.667042795451794 8.896673816657549 15.505926254177789 2.876497870675382 17.53902554305683 6.003124269911461 7.207471678751155 15.70031795856377 11.416764690576747 12.440077531912731 14.687028188166593 9.352925798914475 14.129188122464788 10.686386199272416 7.949120454490546 9.820921036236875 2.032088826798671 6.998607004254489 8.608776974692747 5.550560422155585 11.772055895212185 11.456250084560828 13.287733290520245 16.906317901896912 7.744992704967514 5.582979222601495 12.150091892656615 10.85890717337615 15.012772162395592 3.1157361890891853 7.145993632798731 4.842178538633205 3.4587502078062817 12.35310539904845 5.702543730652138 7.28477624913765 3.0398929257459057 7.30896025437271 14.00444308067979 5.889578083360471 7.185546186616574 6.958443072986944 6.885483933609895 6.885483933609895 6.885483933609895 6.885483933609895 6.885483933609895 6.885483933609895 6.885483933609895 6.885483933609895 6.885483933609895 6.885483933609895 6.885483933609895 6.482737770417681 10.807122142365191
22 14.556822798948952 14.999528025908015 20.00023984856182 10.739881656703671 6.130344199145755 14.537629414729212 13.933910434619564 15.25383020752493 11.205385937128627 3.3840149231349432 7.65597283171773 19.180348380569107 9.440819138189228 16.572968623635298 17.308573135876912 11.947872195499915 13.129715076878096 19.762233097501912 14.254486591947112 22.041876077140074 16.301092785454596 0.0 16.018243006022853 4.514568639416174 12.047413373832576 19.139435310374235 1.6742117548267303 14.77093829111746 20.950685334852416 13.928000574382526 9.429425486210706 18.847938561020406 10.473033275990293 9.899059046192217 11.41207785637655 5.412223203083923 10.856229778334649 14.222235267355128 17.313722765482876 8.17272347507243 3.169773020265015 18.721581396879913 7.651386867751493 15.702013533302026 10.191654330872883 1.854586207217124 6.651468559649064 4.5611841664199435 1.833128746160508 12.88017923011943 12.126321165134955 10.983648392041689 16.275218032333697 8.320056970958793 14.998672507925491 11.094870256113857 8.833144230680261 20.16663395314151 10.120579924095258 18.714718592594437 8.982563665234997 4.529086552495989 8.557278188770072 11.630294278306117 6.780562882239202 7.315565118294005 6.978938171383954 16.483333704078188 10.976905073835702 17.303737890987602 13.292114692553627 10.156575850157374 19.13611572393938 15.378666034477764 18.62662033220197 16.88865637047542 11.323497692850914 16.668173265238156 20.56302176237724 19.176489981224403 9.873634032107935 9.873634032107935 9.873634032107935 9.873634032107935 9.873634032107935 9.873634032107935 9.873634032107935 9.873634032107935 9.873634032107935 9.873634032107935 9.873634032107935 14.90210216714407 6.074919670250792
23 12.073110825300992 11.017609541093748 12.131118373835118 13.196280877580621 11.395894567781855 1.6787215373610949 3.7770455385128727 5.98974331670398 14.336890911212237 12.715941254975975 20.365479149776956 3.645621071916279 16.73513671889178 3.7901646402234297 10.266443054924135 8.598654836659044 7.660209200798631 14.358219666797133 14.567885399055005 6.055507410613912 7.6444443225129195 16.018243006022853 0.0 14.408093732343637 4.135879350271233 9.817884344399255 16.957318950824742 2.035997298622962 5.179049043984812 3.2853110963803713 15.094751670696674 9.153158416634117 13.51355352969751 15.629271416160128 11.805502784718657 15.470337973037305 13.194326204850325 3.274758159009608 3.0476950306748214 8.062690493873617 13.85465647354708 7.207820821857325 20.320943383612878 1.643129940083863 11.278354888901127 14.660776002654156 14.102501941145054 11.457125119330767 14.185233519403196 15.18908687183005 8.203531068997057 15.643133221960362 15.061111678757316 13.265036939262552 5.9048227746478545 11.788638131692736 7.321781204051375 12.963724156275463 16.297463146146395 4.058872380353933 17.225116806570572 14.494294946633312 9.212844131971409 5.592294877776028 9.616502170747946 13.859808440234662 11.53492995210634 4.6744130112774585 5.28238733907312 12.421550627840311 5.910119626538874 16.85635055401969 4.6349321462131465 0.69190895354808 6.788465069513137 1.0397850739455725 8.452473543288969 2.0451946117668114 5.391161748640084 14.600513175912688 7.090733389431589 7.090733389431589 7.090733389431589 7.090733389431589 7.090733389431589 7.090733389431589 7.090733389431589 7.090733389431589 7.090733389431589 7.090733389431589 7.090733389431589 1.5357408635573904 12.735717490585285
