param n := 40.0;
param numVehicles := 5.0;
set Origin := 81 83 84 85 86 87;
set O := 83 84 85 86 87;
param Ok := 1 83 2 84 3 85 4 86 5 87;
set S := 93 94 95;
set F := 82 88 89 90 91 92;
param t:
 1 2 3 4 5 6 7 8 9 10 11 12 13 14 15 16 17 18 19 20 21 22 23 24 25 26 27 28 29 30 31 32 33 34 35 36 37 38 39 40 41 42 43 44 45 46 47 48 49 50 51 52 53 54 55 56 57 58 59 60 61 62 63 64 65 66 67 68 69 70 71 72 73 74 75 76 77 78 79 80 81 82 83 84 85 86 87 88 89 90 91 92 93 94 95:=
1 0.0 10.83550921738337 21.38957690091134 15.213279067972165 24.224795644132893 7.117504337898222 10.923453117032176 13.385249493378897 19.158411729577168 26.334619420071366 16.067703009453467 28.01136233745157 13.935930252408697 20.420337411512083 26.52994760643149 17.16165493185316 23.51074111975205 9.771707936691518 18.216488904286688 21.509525424797268 23.47312684752502 21.440079197614917 22.48998826144647 14.953273889018417 18.909091358391603 2.414091961794331 6.680448487938516 4.8768026410754 8.019371795845359 1.2451409558760806 3.007680834131175 18.401951309575843 23.785248285439444 18.79879368470222 23.41820300535462 19.134393013628625 19.428037574598214 6.323388015929435 16.055053908349233 23.502157347784053 11.514050199647384 7.240697480215562 15.389378804877083 27.129865609692946 26.728780069430776 30.443853238379663 18.947016651705354 9.157977505978055 27.540500794284767 23.90436629572096 9.195465186710239 22.30650434290411 11.299345290767958 29.845020623212847 21.996157209840085 1.9839556446654756 33.20991424258726 28.104568454256686 27.191723814425597 8.892476145596346 10.328068551282955 21.462301181373817 26.696618587379188 6.401151458917373 24.89148030953563 30.550386511466595 28.738830178001333 16.429653313445172 24.515912954650492 25.31260215781854 12.345696740160111 24.240572683004004 10.773131949437916 23.512893654333574 14.205249874606219 27.237125252126003 11.616325236493683 23.692671356349837 30.024567074314326 13.50842729558108 12.168619642342348 12.168619642342348 12.168619642342348 12.168619642342348 12.168619642342348 12.168619642342348 12.168619642342348 12.168619642342348 12.168619642342348 12.168619642342348 12.168619642342348 12.168619642342348 12.168619642342348 1.3066384350691664 23.46152816847189
2 10.83550921738337 0.0 17.64210248241405 13.598175171691237 13.455748511324073 16.377700449086248 19.217541986424795 15.375359117757217 21.354559794104865 17.36457382143311 8.95929573125031 26.160772159857974 4.932576203161994 18.220658605001084 28.895145405413693 7.328488247926716 13.103686504186523 19.347202381739848 12.14817484233743 21.11432385846158 12.832231918103725 19.366717842732154 14.337378560950395 9.721157338506561 24.51461874066166 11.253128453901164 14.381191744775535 14.85824888740258 6.855694859020492 11.814801733418973 11.045985515109097 7.728609706797206 23.363849853994527 13.429034812673622 15.85621606815447 17.70747751657474 16.773291626869188 11.422029591977076 13.312510807507351 25.17101007111157 22.235299593214386 10.495202713621113 15.61089363233252 17.491804823973997 23.82236797633686 21.692719239413027 13.76331718736439 19.318043896833863 28.057232721706537 17.890021911669084 12.182088162544218 24.714889196595642 10.69975775426715 31.99320909193074 25.64335968628136 12.81081496236676 23.70527569972558 20.797448016523564 25.39542824998232 18.911818950064006 12.921799410298862 15.721645206529754 29.25054214882179 13.924987899456143 25.790972761801754 24.561789022789036 27.4129152772922 12.155634084653913 27.40534502610759 16.368041300045647 11.806994537137722 14.778261332105343 21.584022424006143 12.971947116759305 11.236342821398784 30.106803550028353 21.200122263798388 12.886215270590508 19.82225012454439 13.131515221024571 6.035385323241591 6.035385323241591 6.035385323241591 6.035385323241591 6.035385323241591 6.035385323241591 6.035385323241591 6.035385323241591 6.035385323241591 6.035385323241591 6.035385323241591 6.035385323241591 6.035385323241591 10.606124457123817 14.709244576116069
3 21.38957690091134 17.64210248241405 0.0 6.362182329987094 19.66333328812793 20.741514409512146 20.18232503949929 10.412253166342047 10.961308863452395 31.57209863154491 9.195026916763213 8.81659004377543 21.9162633676455 2.88376490026493 15.606550675918111 22.629158181426014 24.936901250957387 22.62143558662889 6.099201587093184 6.686253659561533 23.6192349579744 3.322659777948985 30.03652290129468 27.309432802605038 17.986233179851748 19.555027997934445 18.1360002205558 21.394856671639566 23.426287541990092 21.307159547907833 18.86793046415001 16.704100694140944 7.904261382317767 4.580430110808373 31.878141100133178 4.325975959248965 2.4650330626585926 26.180122001243614 5.3345234088904325 12.018270424649298 30.757082436408044 26.0484598393072 7.705448721521674 15.192563707287851 6.191718662859287 14.530539700919578 31.161587892788777 29.92365980290513 12.577685637668004 4.915719275955452 28.17000028399006 12.869638378757967 10.111891019982366 17.771156180732866 15.366706999224006 22.727945793669964 18.685603549256843 9.739409427680922 8.140536837334501 29.817533164230742 29.178960228219236 3.987733692211655 16.138818420194212 17.907299182177084 11.334879972897816 9.806609403866354 10.297249729903614 29.766179533154737 15.304840149442919 30.779694150527224 9.177093439646347 13.319163487246488 29.507217896643528 24.261229152703702 28.845983637241424 17.236157808514054 23.65435917542473 19.954099829358377 19.177645423774006 8.307213732654288 11.67207436576721 11.67207436576721 11.67207436576721 11.67207436576721 11.67207436576721 11.67207436576721 11.67207436576721 11.67207436576721 11.67207436576721 11.67207436576721 11.67207436576721 11.67207436576721 11.67207436576721 20.176355468716345 11.017682151886575
4 15.213279067972165 13.598175171691237 6.362182329987094 0.0 20.008254696499645 14.462009265658766 14.298434040131806 4.789584115557425 8.606883291877496 29.71141531465642 7.6617890861077615 13.184859802060847 18.398950948355726 5.268151858099763 15.642713958901123 19.94080529968637 23.76383420241776 16.512547471544178 6.518545236477231 7.524812290017604 22.738407332089025 6.356091881022489 27.41661875578387 23.21990912988248 14.212366023994738 13.268398094721157 11.816763854795441 15.035475117201983 18.314838792629327 15.04036980928328 12.576854455705528 15.468988848661052 9.804698057564035 5.8383394899577405 29.11003325315861 4.262968918488616 4.219317480351532 20.403351293353747 1.5693055789106216 11.819124333045998 24.408466481940238 20.468817259431475 2.79561943046617 18.00466217400371 11.553713169366807 18.99545471948487 27.346079280218582 23.582505804091305 14.459057922285254 10.11041463046892 22.636587198603944 11.7171383878488 3.9526659357957388 18.58270949027617 13.34264771325392 16.44853221415212 22.816042776958493 15.003455735263126 12.373577009094824 23.488951615600048 23.70363389862407 7.930035056669044 16.058802196926145 11.570453750825852 12.233180616667115 16.061524958732903 14.200690828266067 25.59181150290069 14.466951302883409 28.805386301870698 2.871727006524123 15.435181113287916 23.17049382296372 23.24466330149783 24.304845442833 17.01512327313558 17.698286470729307 20.027263417651447 21.899225922392784 1.9781536846261463 7.773683039589407 7.773683039589407 7.773683039589407 7.773683039589407 7.773683039589407 7.773683039589407 7.773683039589407 7.773683039589407 7.773683039589407 7.773683039589407 7.773683039589407 7.773683039589407 7.773683039589407 13.96388728112627 13.485924069191551
5 24.224795644132893 13.455748511324073 19.66333328812793 20.008254696499645 0.0 28.966656693515734 31.071764417232565 24.076530065605382 28.53499255300411 13.88426591505651 12.371639341655575 27.967014284689025 12.573736596573035 21.91754219797466 34.86135447741525 10.080617639807594 6.958616529167275 31.886384555167115 14.129341102825709 25.84888330276571 5.340461403287173 22.78931152975008 14.434360394558533 17.31871369357436 33.960760003274366 24.30272717206857 26.56864957049944 27.84094208176153 19.266717623923387 25.122810750391764 23.95865079673728 5.855215794486144 27.481171008528726 15.506433761506868 16.305944069571687 22.462941036293532 20.536179975837765 24.322142175392365 18.73126541374074 31.064758746850107 35.68272596089037 23.086941417173474 22.791020336966046 7.973562566381479 24.8474555639003 13.247192759222612 18.98741951925011 32.74145952763865 32.23414493979947 16.419386224825825 24.236466574152267 31.402603013126157 19.631198842658595 37.3211891021709 33.30219512284438 26.20841582392953 13.011633563853541 15.769509947997749 27.439006687560685 32.318397237486884 24.619741753316585 15.813493984569002 35.353506304184315 26.12023843689027 30.78875671409939 20.81675575107706 29.59998682432139 19.273539996585992 34.101024618037506 13.440215772077469 20.140748347566433 7.3332121202103515 34.99729646701299 6.108382764693122 20.072735139985284 36.40604416851685 33.64655465274268 0.8653692853343017 7.804787248862073 20.90012870773766 14.159496742469345 14.159496742469345 14.159496742469345 14.159496742469345 14.159496742469345 14.159496742469345 14.159496742469345 14.159496742469345 14.159496742469345 14.159496742469345 14.159496742469345 14.159496742469345 14.159496742469345 23.847753521034218 9.395070409528605
6 7.117504337898222 16.377700449086248 20.741514409512146 14.462009265658766 28.966656693515734 0.0 3.932471996085922 10.665035396096911 14.930673126152081 33.01507352710274 18.510449049118172 25.398243088843767 20.34535671842595 18.905241601206793 21.48366570210959 23.407661053595252 29.47438168986756 2.9702659813558783 19.595453554332444 18.644168632577856 29.187346573472553 19.684960756882397 29.32743275501625 22.010909749485595 12.63670479199384 5.381424718417976 2.7229432605179262 2.399388255368439 15.07566330215689 5.892485044529176 5.395911415136465 23.155008097601694 20.658422979501605 19.62807988571475 30.367352535247456 17.330801481754964 18.382580449980356 13.009573398078816 15.809174551506477 19.09629419547154 10.1994401807158 14.178740705718543 13.32166776345965 30.218447941613412 24.907349919250745 32.548613058009096 26.05287707720589 10.523113037499883 23.497668394970596 24.446739905353432 15.935578558684337 17.565579637461443 11.426824580783586 24.734856134612954 16.553289703258383 6.207118816326943 35.90500912129114 29.196602062568857 24.611979197130818 10.665702039715905 17.023219084532748 22.116393919443556 21.53563094037414 3.0818293268771386 20.82838495899286 30.513889951954667 25.737963011862462 23.54471694457166 19.31025779216839 31.99141097232193 11.916993580597413 27.330890947790195 8.871612705703514 29.34811237541522 21.320707868173606 21.874657208742725 4.826786922995463 28.580687185580405 33.62192165834666 12.484153956115728 15.20422112441147 15.20422112441147 15.20422112441147 15.20422112441147 15.20422112441147 15.20422112441147 15.20422112441147 15.20422112441147 15.20422112441147 15.20422112441147 15.20422112441147 15.20422112441147 15.20422112441147 6.43741718393332 26.01723159753935
7 10.923453117032176 19.217541986424795 20.18232503949929 14.298434040131806 31.071764417232565 3.932471996085922 0.0 9.771067700103197 12.509685527622187 36.267868864878174 19.752272679365277 23.52855116661457 23.527018765665996 17.942596913490533 18.314203122167232 26.449847863456604 32.274438802247204 3.032094985319556 20.21964134202187 16.881473395411906 31.841673322864175 18.536994362625244 32.72223525372312 25.647170370237728 8.948702028786075 8.923664045670924 4.866915655731048 6.331650653660543 18.74534459539221 9.731315430094739 8.75021942582013 25.389603226517735 18.64492746030405 19.95383872842516 33.85828306338052 16.29555644953556 17.72770441991856 16.933008002124133 15.807895748644093 16.365061441986704 12.481146261461724 18.073387286283662 12.481390948127537 31.3922661176284 23.50631574704977 33.13480279102322 29.759094677089895 13.745798630854447 20.85556625939463 24.394972350875907 19.860091641279 14.68149924224362 12.155094405227793 21.478562801081456 13.26751250234949 10.136521888695352 36.75818493886769 29.30184082954516 22.784040028054726 13.986546678862513 20.951679359898574 22.22090439203589 18.301327820680115 5.315017967984678 18.247303033599238 29.96273218516629 23.637469661535263 27.285461330166285 16.095497258550292 35.24790932807221 12.258874336577561 28.572862369738175 11.07927253929607 32.072232787880544 25.10748812605514 18.525025775960476 3.4908337113073737 30.773529664307276 35.01318608752994 12.396004033558555 16.958835455301756 16.958835455301756 16.958835455301756 16.958835455301756 16.958835455301756 16.958835455301756 16.958835455301756 16.958835455301756 16.958835455301756 16.958835455301756 16.958835455301756 16.958835455301756 16.958835455301756 10.08851327005124 27.007889588044453
8 13.385249493378897 15.375359117757217 10.412253166342047 4.789584115557425 24.076530065605382 10.665035396096911 9.771067700103197 0.0 6.194902743385081 32.45162954305993 11.777704360358175 14.941110668220084 20.305150873608397 8.290512408771848 13.854042586913035 22.420866887790044 27.049905064528417 12.26286508121165 11.224645205974216 8.24594858096993 26.204556626663233 9.024824652036182 29.690509258010376 24.367708632532523 9.889602620934777 11.080426345587972 8.300602387778854 11.802275882218648 18.48312495223684 12.844647134117777 10.415872887089204 19.04147189688864 10.456084353140998 10.627104403364068 31.23156275308682 6.6838207636052 7.962009042948896 19.355049470357855 6.358673132029984 10.40773251001389 20.856443416843632 19.790529149065215 2.7265193929257134 22.713534291254632 14.248280878758672 23.77429233436823 28.626958622948404 20.66215748657434 14.201753412871243 14.711676451037116 21.953300708549502 9.567278400882875 4.802564731474214 17.102037773318127 10.268001753018941 14.11846025599109 27.605319559823972 19.654954184632434 14.134388844233769 20.668900793220722 23.080798599701875 12.648695268682852 14.140172134737256 8.197372505870403 11.588244042994608 20.202907216536932 15.4888811732804 26.570430256207743 12.154654252589827 31.49170589218691 3.9830847342229605 20.073069022947138 19.53648740178234 26.627615740054537 24.927670488836295 14.902893410341498 13.242553379163704 23.992742319293136 26.563921472553712 3.241690916790186 10.518640976856277 10.518640976856277 10.518640976856277 10.518640976856277 10.518640976856277 10.518640976856277 10.518640976856277 10.518640976856277 10.518640976856277 10.518640976856277 10.518640976856277 10.518640976856277 10.518640976856277 12.079147652048963 18.203785540375932
9 19.158411729577168 21.354559794104865 10.961308863452395 8.606883291877496 28.53499255300411 14.930673126152081 12.509685527622187 6.194902743385081 0.0 38.11537222696376 16.248592431346168 11.213268212256407 26.281957385248152 8.084300340783981 7.659687983201405 28.187267834964068 32.33509845353807 15.501572823426658 14.601032840179492 5.103621459316905 31.336740992004895 8.012113329203476 35.57257775309515 30.525892288350885 7.214128637611058 16.768885592072 13.200312875079891 16.66682837254887 24.67188748353072 18.450340376264066 16.150731128961315 24.06967436422853 6.305718040001472 13.468011583006602 37.175807240731174 6.7392106362689095 8.862807230217747 25.3135931862705 9.803828231869426 4.3440833325340344 24.85362758230677 25.850094777389113 5.95475809752168 25.665436758411104 11.844741280416388 25.487452991619232 34.775076649807694 25.429523707690635 8.583972273953357 15.87597291506886 27.994525179041702 3.383052467816601 10.654965790653671 10.91249210767183 4.769612143560522 19.59215036691991 29.621259527575795 20.649688520653285 10.527798250346557 25.534028276008467 29.1297432189163 14.525715954816135 7.956236296139022 13.258358872801717 5.906086690863927 19.632609607487236 11.160864661844084 32.749975145028735 6.051920686856362 37.183335837442016 9.570801011409651 23.380320784796776 23.462930081300584 31.832671581254374 31.122341300101443 8.760896986039729 15.799104025228774 28.590790265398404 29.655894388805745 8.319318481702693 16.02783940523488 16.02783940523488 16.02783940523488 16.02783940523488 16.02783940523488 16.02783940523488 16.02783940523488 16.02783940523488 16.02783940523488 16.02783940523488 16.02783940523488 16.02783940523488 16.02783940523488 17.871419529516956 21.22252661678152
10 26.334619420071366 17.36457382143311 31.57209863154491 29.71141531465642 13.88426591505651 33.01507352710274 36.267868864878174 32.45162954305993 38.11537222696376 0.0 22.654748641289313 40.33566888003718 12.745455817663014 33.20644865082684 45.35300849998818 10.06901325850751 7.023437335094547 35.90785596495564 25.49458452299233 36.79813353962399 8.60921227523169 34.25598517047787 4.242882039368996 12.32288683710112 41.85345352536634 27.639072415694418 31.403110992384182 31.08273810332674 18.581305443913248 27.54771170170038 27.643923672300936 14.869074752653576 38.80606962834551 27.015361111782315 4.681581356763974 33.2471881517821 31.70857663156768 22.974659083433643 28.903586075087638 41.522326765247634 36.0742922868904 21.387660928675675 32.17697226278445 21.834922578291867 37.407714391552986 27.073448616679777 10.399751727805814 32.27435818107 43.6623134980271 29.387625218788944 21.24938022625601 41.37370764144785 27.656208995449827 48.23152831913996 42.641265459646014 28.02600999072112 26.2064231821132 29.523205042813355 39.69711495814274 31.724673678384782 20.95583403255523 28.1886605570396 45.769772732667136 30.959551676340535 41.75122728735049 34.50949318665808 41.86324043836072 12.45339118473358 44.11809769244363 1.0239453110396108 28.618216436388906 21.032280903411305 35.90730911666871 7.84753846757058 14.624635653581256 46.71643432455008 37.78402636035498 13.153384659470733 20.77688504083324 29.804616085432134 22.087988500540288 22.087988500540288 22.087988500540288 22.087988500540288 22.087988500540288 22.087988500540288 22.087988500540288 22.087988500540288 22.087988500540288 22.087988500540288 22.087988500540288 22.087988500540288 22.087988500540288 26.664868947737208 22.81979921033487
11 16.067703009453467 8.95929573125031 9.195026916763213 7.6617890861077615 12.371639341655575 18.510449049118172 19.752272679365277 11.777704360358175 16.248592431346168 22.654748641289313 0.0 17.995802288311573 12.816081148307388 10.555617461806769 22.970177883508 13.44339391671612 16.33880154723718 21.188934187447938 3.2498990753560335 14.18712782771763 15.209062167010824 11.620983263046204 20.8831898904358 18.358149144181173 21.62940590954823 15.074934162376962 15.841440843559655 18.093848346882982 15.469835034673125 16.492508359858423 14.510026602318824 7.969012234900885 16.152715313531655 4.673274226920565 22.706765863944604 10.64721804040849 9.055289945661597 19.23159202978266 6.49464302329235 19.127721035188696 27.15793246917003 18.696338144139347 10.429171587427257 11.717163479272617 15.33684882888268 14.405894349189154 22.06797226751928 25.222070969688435 21.009712991852123 8.942314689161861 20.643979945737208 19.254225094768163 7.672025286715367 25.696064757079046 20.999150173280825 17.86966703662942 17.455311283388788 12.297410784388719 17.294076789467542 24.95882024455483 21.518760187334216 6.772381855743221 23.426635524547695 15.442255405218502 19.16740587560038 15.66477487868881 19.42356548113657 20.826341877535764 21.990483850975178 21.812327248599587 7.93913572122306 8.849389809472742 26.153233452099187 15.76058323793888 20.14396554802455 24.434695496363364 22.75839054063358 12.368081015258591 15.261081088835091 8.56179794202129 3.9389988575778996 3.9389988575778996 3.9389988575778996 3.9389988575778996 3.9389988575778996 3.9389988575778996 3.9389988575778996 3.9389988575778996 3.9389988575778996 3.9389988575778996 3.9389988575778996 3.9389988575778996 3.9389988575778996 15.162971740394427 7.557493764469807
12 28.01136233745157 26.160772159857974 8.81659004377543 13.184859802060847 27.967014284689025 25.398243088843767 23.52855116661457 14.941110668220084 11.213268212256407 40.33566888003718 17.995802288311573 0.0 30.61526397077118 8.020553596853526 10.681703422207528 31.438056237623854 33.61526141501803 26.43808313777684 14.911587172397176 6.754473480590476 32.24370723102416 6.879284846552003 38.85304549195597 35.879669173502705 17.83255595813455 25.83850034347969 23.206424024394625 26.72719139752623 31.44864372274264 27.628600036918268 25.15228570130357 25.47053764646518 4.913560826936002 13.395665567637915 40.692855245116434 8.969925306266491 9.406271950140503 33.524730573115725 12.977327305728249 8.800608388060454 35.564474240455176 33.64439091438571 12.63621778856316 22.270481719082774 3.1989523284975667 19.83312955637612 39.828698447225214 35.59735973355328 6.049977520619395 11.672442931965872 35.81548592438752 10.574742928317454 17.07014047979688 11.370491106368272 13.357070636932336 28.961058337015242 23.994252978578015 14.618949483461526 0.820156082706213 35.609666328119395 36.88673284529277 12.236069957302467 11.231504618705367 23.128662909904673 6.890262404292017 11.208527111088236 1.6848988100179791 38.315791000578336 11.670186630898408 39.55975095978234 15.887728597883337 21.061987750447493 34.20275930389243 32.911242638344724 37.23521182966468 12.26045757710535 26.913779073181082 28.35295088698882 26.025810265964825 14.594025215820343 20.126131173178813 20.126131173178813 20.126131173178813 20.126131173178813 20.126131173178813 20.126131173178813 20.126131173178813 20.126131173178813 20.126131173178813 20.126131173178813 20.126131173178813 20.126131173178813 20.126131173178813 26.7163836624645 18.77117886548418
13 13.935930252408697 4.932576203161994 21.9162633676455 18.398950948355726 12.573736596573035 20.34535671842595 23.527018765665996 20.305150873608397 26.281957385248152 12.745455817663014 12.816081148307388 30.61526397077118 0.0 22.795610542382935 33.80450171205013 3.288468336475204 9.761023102113835 23.27117779571975 16.06107157072653 25.8776608680151 10.040427281744538 23.93060709635257 9.455229452530489 5.726771516308294 29.335493859827896 14.99662388672864 18.660886581296186 18.518495079244424 7.082121998384383 15.096331209933094 14.953721944719982 8.098623339802884 28.089897757022896 17.479268291321578 10.928494864344312 22.41378941633922 21.315475411071645 12.163810093880945 17.979762512335917 30.062990137376556 24.615742930084394 10.773079968142815 20.508351177020543 18.58574636650355 28.100788956895858 23.41840165340069 9.253893018616544 21.191335587923664 32.837055775449784 21.418231486282895 11.70945891149544 29.637993454348425 15.628615421719227 36.88163684003192 30.572891063816652 15.771725840883745 24.635761404917037 23.549292133735147 29.87414969501224 20.7020788328129 12.049243627713734 19.485391964238236 34.16605010825805 18.216125713224535 30.626140599167893 27.814100668545798 31.943532428333594 8.158826631323892 32.33349947036355 11.72807520439735 16.724587050208445 16.27720283095348 24.202821405778295 9.910967662140765 8.05029813112533 35.030095974747205 25.14754866781254 11.801597349511631 20.006914104878845 18.035542686595267 10.670790036356259 10.670790036356259 10.670790036356259 10.670790036356259 10.670790036356259 10.670790036356259 10.670790036356259 10.670790036356259 10.670790036356259 10.670790036356259 10.670790036356259 10.670790036356259 10.670790036356259 14.097154322770251 16.881995142754896
14 20.420337411512083 18.220658605001084 2.88376490026493 5.268151858099763 21.91754219797466 18.905241601206793 17.942596913490533 8.290512408771848 8.084300340783981 33.20644865082684 10.555617461806769 8.020553596853526 22.795610542382935 0.0 13.01428768700001 23.880198072880383 26.775298018883003 20.540384806522002 7.87777887478444 3.9797648171719886 25.544002818665675 1.1484459064318189 31.365652679324246 27.93956513620067 15.155279080241314 18.391713895121352 16.416333451779053 19.819426631464392 23.434361267164928 20.178629983227307 17.698260366488 18.427952680642523 5.635317914723179 6.425804229822131 33.15367159154473 1.6546685468697342 1.5047019638453318 25.6697925196134 4.960072580114125 9.314079879408379 29.057201861156553 25.71326972596056 5.587249770683246 17.94222427682811 6.308502199413107 17.413760191296994 31.94964945034609 28.552353948492584 10.483661383314514 7.79844317796828 27.875663507798333 10.043742927813314 9.217253386991159 15.407919132705754 12.494918327064008 21.56624816698537 21.568430633683107 12.578971182095934 7.2273757339714955 28.496273159836182 28.933048577707815 6.678059598416295 13.52860229291999 16.243657962417206 8.871302271932798 12.1181784109659 9.194866611321778 30.36132381830542 12.547308556021088 32.36778015249115 8.092810636608272 15.921359740926654 27.76104047041465 26.14670495492692 29.231389840375364 14.609833537723832 21.433011174354387 22.135340069671393 21.938455369510407 6.923982957806871 12.19183087153033 12.19183087153033 12.19183087153033 12.19183087153033 12.19183087153033 12.19183087153033 12.19183087153033 12.19183087153033 12.19183087153033 12.19183087153033 12.19183087153033 12.19183087153033 12.19183087153033 19.15329579994002 13.654037498117544
15 26.52994760643149 28.895145405413693 15.606550675918111 15.642713958901123 34.86135447741525 21.48366570210959 18.314203122167232 13.854042586913035 7.659687983201405 45.35300849998818 22.970177883508 10.681703422207528 33.80450171205013 13.01428768700001 0.0 35.551697230933996 39.292574820187085 21.31704491715491 20.73603173222881 9.038722254832264 38.178224002695565 12.29325359699376 42.9987302603228 38.16628931400064 9.980775921740754 24.118106227479803 20.220610475453007 23.510585956117726 32.322271269203846 25.72189542005021 23.53660315338643 30.93319828275117 7.839495136805688 19.363910452178818 44.64841515664358 12.412980464014273 14.335994559150755 32.776130400033495 16.515653786635273 3.844268460968875 30.740093949108225 33.3909320025662 13.301539309418292 30.77594125286829 13.11796889766095 29.436229378098005 42.40726249122902 31.94412747282355 4.776875129203192 20.15487593611035 35.515327676934085 4.296411525913226 18.22401679103704 3.3150734531832025 5.077580920083893 26.757340525545512 33.66786937125663 24.23787994029181 10.471304980755743 32.12639768165737 36.6545320526671 19.58630633886849 0.5640460974069383 20.359668464884194 4.3587713865262545 21.652661822510414 9.520000000000001 40.403228039353486 2.2309146106473907 44.44808859782387 17.08963533841492 28.903297320548052 29.340000068166326 38.728939463920256 38.78171285541679 1.6670092981144409 21.070637484423674 35.03206788072894 34.74362266661323 15.76904156884622 23.354339382650068 23.354339382650068 23.354339382650068 23.354339382650068 23.354339382650068 23.354339382650068 23.354339382650068 23.354339382650068 23.354339382650068 23.354339382650068 23.354339382650068 23.354339382650068 23.354339382650068 25.269451280152484 26.614003231381783
16 17.16165493185316 7.328488247926716 22.629158181426014 19.94080529968637 10.080617639807594 23.407661053595252 26.449847863456604 22.420866887790044 28.187267834964068 10.06901325850751 13.44339391671612 31.438056237623854 3.288468336475204 23.880198072880383 35.551697230933996 0.0 6.476039839284501 26.3555247339149 16.569597339706238 27.24709782710812 6.847492095650787 24.98280216468921 7.498844977728236 7.246853110143739 31.785216815368745 18.104059213336658 21.58882025493751 21.6635831754583 10.323539121832201 18.301644297712702 18.01326533419191 6.889975616792849 29.365776066707312 18.066731525098835 9.275176763814263 23.713970650230635 22.37689567388649 15.369559655370741 19.29029113310631 31.748324932191306 27.903865395317542 13.93254965898202 22.286130664608425 16.929116456566774 28.72489909468787 22.020953112887735 9.524007559845804 24.462834014071223 34.190318395709625 21.406575625260572 14.685206297495448 31.48869829002145 17.639260415334878 38.52341054475836 32.646816996454646 19.022456203130023 22.73345701823636 22.85988101456348 30.737293114391193 23.968760084743643 14.897834742001939 19.737199497395775 35.94654459054444 21.13703564835902 32.126950680075446 27.440319313010917 32.86322942134568 9.31855203344382 34.22072477315464 9.088577666499857 18.639379066911 14.967253989960884 27.489035559655413 6.65936753753688 9.992506992742111 36.86180418807522 28.22785780040703 9.247475979963399 17.794994015171795 19.868676251829157 12.197783733121357 12.197783733121357 12.197783733121357 12.197783733121357 12.197783733121357 12.197783733121357 12.197783733121357 12.197783733121357 12.197783733121357 12.197783733121357 12.197783733121357 12.197783733121357 12.197783733121357 17.258097461771385 15.991558022906961
17 23.51074111975205 13.103686504186523 24.936901250957387 23.76383420241776 6.958616529167275 29.47438168986756 32.274438802247204 27.049905064528417 32.33509845353807 7.023437335094547 16.33880154723718 33.61526141501803 9.761023102113835 26.775298018883003 39.292574820187085 6.476039839284501 0.0 32.44201781640593 18.937844016677293 30.512401806478625 1.6183571917225201 27.777945928379946 7.688339222484918 12.592270168639171 36.78307746777042 24.274502260602585 27.46463449602052 27.86950735122528 16.78572202796174 24.6153289638794 24.116273758605413 8.371231211715514 32.408909886017454 20.443155333754135 9.479424666086016 26.981647095757516 25.298624942869917 21.7990476856215 22.779197703167686 35.44833474226963 34.37506613811819 20.329167420236374 26.387925268955875 14.931128959325212 30.621407544396128 20.20548331517957 13.062276830629493 30.93516995266068 37.25848955607299 22.46857975039811 20.913299118025353 35.47823248133987 22.277253870259685 42.03305389809311 36.99835088216771 25.407228026685633 19.716325215414763 22.501214989417793 33.00720224435874 30.438307574502236 20.99910445709531 21.399003528201963 39.739858077250354 27.00719933647323 35.4980752717665 27.486590185033865 35.18015537202757 13.991661802659468 38.22690508006109 6.500580897119886 23.09310286644045 14.011376235045578 33.94324910788594 0.8506209496597185 15.400986981359344 40.73185411934989 34.29943731316886 6.182233253444908 14.3270722759397 24.14767806643115 16.532151100204718 16.532151100204718 16.532151100204718 16.532151100204718 16.532151100204718 16.532151100204718 16.532151100204718 16.532151100204718 16.532151100204718 16.532151100204718 16.532151100204718 16.532151100204718 16.532151100204718 23.51101911870262 15.806834597730186
18 9.771707936691518 19.347202381739848 22.62143558662889 16.512547471544178 31.886384555167115 2.9702659813558783 3.032094985319556 12.26286508121165 15.501572823426658 35.90785596495564 21.188934187447938 26.43808313777684 23.27117779571975 20.540384806522002 21.31704491715491 26.3555247339149 32.44201781640593 0.0 22.046997981584706 19.745258063646574 32.157473532602026 21.208488866489287 32.17187305706648 24.724964630915046 11.781966049857724 8.276826686599158 5.382269038240284 4.895896240730599 17.790180887219783 8.526576100639694 8.344282114118627 26.08888836267272 21.577344600297785 21.950283460584284 33.16284481162616 18.91256196288594 20.19646741388206 15.245123810582845 17.952952737641795 19.39493964930028 9.450623048243962 16.54243803071361 14.988043234525314 32.90532704593589 26.282479030715503 35.02085669997238 28.690881687393297 10.911701058955016 23.88332012095471 26.6091140025368 18.135666737123287 17.71346753179625 13.85753167053931 24.457696784448043 16.25701202558453 8.51848178961486 38.48732238023321 31.448306599879107 25.681817381174564 11.199671423751681 19.176394760225396 24.346610770289978 21.29095451124726 5.811101788817676 21.269123630276827 32.42796632538032 26.59772057902707 26.150642057127392 19.09347972476468 34.88391732589675 14.184442181488842 30.03481846124594 8.048541234285876 32.31805223091268 23.873179092864866 21.482393255873518 1.8770018646767526 31.513496029479178 36.38142822924905 14.551371756642052 18.020834719845805 18.020834719845805 18.020834719845805 18.020834719845805 18.020834719845805 18.020834719845805 18.020834719845805 18.020834719845805 18.020834719845805 18.020834719845805 18.020834719845805 18.020834719845805 18.020834719845805 9.256267282225595 28.63254239497429
19 18.216488904286688 12.14817484233743 6.099201587093184 6.518545236477231 14.129341102825709 19.595453554332444 20.21964134202187 11.224645205974216 14.601032840179492 25.49458452299233 3.2498990753560335 14.911587172397176 16.06107157072653 7.87777887478444 20.73603173222881 16.569597339706238 18.937844016677293 22.046997981584706 0.0 11.746118678099585 17.67770686486231 8.8466332579123 23.947962585572913 21.606585755273784 20.698813202693533 16.894407713796895 16.873361846413417 19.556011454281773 18.49676469007486 18.467160583045786 16.26855187163258 10.638377695870737 13.507571210250937 1.5218541323004648 25.79825924360014 8.333781854596387 6.4415482610937564 21.97563741965179 5.001955617555997 16.935417680116423 28.85874321587827 21.562775517080354 9.244193420737147 11.494017400369636 12.156191837907134 12.974086942825688 25.31032840561339 27.278209398712374 18.34061340304626 5.913703746384325 23.573852973156512 17.31738513748539 8.192682100508966 23.264482543138584 19.359016503944616 19.886061550744532 16.5435485915205 9.90306881729093 14.239664321886243 27.065352759570676 24.4912880020631 3.5959365956590505 21.225473375168807 16.523927862345563 16.715846972259587 12.695602388228767 16.393953153525846 24.074676654111055 19.99340131143273 24.691982828440487 7.961676707829828 8.926806819910468 27.75975705945569 18.29157456316979 23.363961650370857 22.27671043938041 23.45579825970543 14.299539852736519 15.38087045651188 8.049875775439022 6.629499226940147 6.629499226940147 6.629499226940147 6.629499226940147 6.629499226940147 6.629499226940147 6.629499226940147 6.629499226940147 6.629499226940147 6.629499226940147 6.629499226940147 6.629499226940147 6.629499226940147 17.18086901178168 6.979846703187685
20 21.509525424797268 21.11432385846158 6.686253659561533 7.524812290017604 25.84888330276571 18.644168632577856 16.881473395411906 8.24594858096993 5.103621459316905 36.79813353962399 14.18712782771763 6.754473480590476 25.8776608680151 3.9797648171719886 9.038722254832264 27.24709782710812 30.512401806478625 19.745258063646574 11.746118678099585 0.0 29.331081398407388 3.3827349881419906 34.745307481730535 30.743774719445234 12.288795058914442 19.26624332868242 16.467551730600395 19.99321905046809 25.664189057907127 21.046237573495173 18.588974043771216 22.142430580223117 2.33230701238066 10.342565252392655 36.48356852063679 3.551041537352104 5.312927629847783 27.25191472172185 7.95745185345158 5.345369959132858 28.81560778467114 27.510524240733762 6.176338073648494 21.868922698660764 6.795199481987265 21.02529000989047 34.86889094880995 28.867504568285774 6.961941395903875 11.472929007014729 29.689575409560845 6.241123296330557 11.041257899351866 11.535063935670232 8.882497396565903 22.34591228838062 25.229272205119194 15.994084531476005 5.969175487452183 28.891295574965138 30.790838962262786 10.61697659411567 9.550060523368424 16.40224009091441 4.987931434973823 14.579272135466846 7.248137139982937 33.11040054121967 8.618586891132443 35.93087864219299 9.820149897022956 19.895992762362976 27.45729032515772 29.911445367952386 31.78262179241983 10.630097835862097 20.31229657128903 26.042491432272755 25.85870808837905 8.442900212604671 15.211202319343464 15.211202319343464 15.211202319343464 15.211202319343464 15.211202319343464 15.211202319343464 15.211202319343464 15.211202319343464 15.211202319343464 15.211202319343464 15.211202319343464 15.211202319343464 15.211202319343464 20.20506560246712 17.621483365483165
21 23.47312684752502 12.832231918103725 23.6192349579744 22.738407332089025 5.340461403287173 29.187346573472553 31.841673322864175 26.204556626663233 31.336740992004895 8.60921227523169 15.209062167010824 32.24370723102416 10.040427281744538 25.544002818665675 38.178224002695565 6.847492095650787 1.6183571917225201 32.157473532602026 17.67770686486231 29.331081398407388 0.0 26.524103453274346 9.22274796359523 13.502639890036319 36.00668210207655 24.08011370405049 27.077962478739053 27.68500836192758 17.122471083345417 24.53655240656274 23.87730512432255 7.270020632707998 31.178925318233787 19.169079268446882 11.047357150015564 25.8181537682306 24.08064484186418 22.19608487999629 21.689389110807156 34.336418974610616 34.5365583114473 20.774874825134326 25.40889482051512 13.31277296433767 29.220924010030895 18.587539589735915 14.344843394056275 31.204504354339615 36.01787317430056 21.001609557364883 21.511344913789095 34.4306238688758 21.47069630915588 40.864194840960714 36.034475603233076 25.404022752312283 18.145412643420375 20.917443534045933 31.650554497512363 30.723633118496906 21.676438914175915 20.011310801644154 38.635695930059285 26.61989947388983 34.31896927356648 25.91611899957245 33.82422262225697 15.083429318294959 37.174728297594854 8.113402738678758 22.22839985244102 12.425878158102147 34.042360082696966 0.7693243789195814 16.325136691617622 39.642116643791866 33.99980235236669 4.566039859659572 12.775739508928634 23.228575935687488 15.719634219663 15.719634219663 15.719634219663 15.719634219663 15.719634219663 15.719634219663 15.719634219663 15.719634219663 15.719634219663 15.719634219663 15.719634219663 15.719634219663 15.719634219663 23.383474934235075 14.262780233881472
22 21.440079197614917 19.366717842732154 3.322659777948985 6.356091881022489 22.78931152975008 19.684960756882397 18.536994362625244 9.024824652036182 8.012113329203476 34.25598517047787 11.620983263046204 6.879284846552003 23.93060709635257 1.1484459064318189 12.29325359699376 24.98280216468921 27.777945928379946 21.208488866489287 8.8466332579123 3.3827349881419906 26.524103453274346 0.0 32.46242098180603 29.086206284079058 15.193319716243714 19.375339480896844 17.24872227151913 20.688007153904408 24.570612853569607 21.165691578590103 18.68237682951503 19.448113944544854 4.6924833510626325 7.361297711681005 34.25767820503894 2.3717082451262845 2.6173605024910116 26.756475851651317 6.106995333222386 8.698285118343732 29.86498478151295 26.82046561862788 6.382989895025684 18.515059492207957 5.320006015034194 17.67334954104626 33.091784660244606 29.46433946315444 9.497040591679072 8.096912250975677 28.985682120660883 9.60953131011081 10.291284856615329 14.544493528480116 12.188258284102778 22.542866987142517 21.867120157899162 12.699347542295236 6.082886157080371 29.421961865246175 30.047256713384005 7.2932637412889445 12.822453119430772 17.096004913429336 8.052901340510761 11.771533460004266 8.047331234639222 31.508847011593428 11.994592448266008 33.42545389370203 9.14554317687036 16.6136546250366 28.554060586893765 27.137363541803392 30.3793173063517 13.917704552116346 22.025823389830403 23.034255186569414 22.498988421704652 7.931659347198416 13.336455451130934 13.336455451130934 13.336455451130934 13.336455451130934 13.336455451130934 13.336455451130934 13.336455451130934 13.336455451130934 13.336455451130934 13.336455451130934 13.336455451130934 13.336455451130934 13.336455451130934 20.165045102850627 14.321069932096554
