param n := 40;
param numVehicles := 5;
set Origin := 81 83 84 85 86 87;
set O := 83 84 85 86 87;
param Ok := 1 83 2 84 3 85 4 86 5 87;
set S := 93 94 95;
set F := 82 88 89 90 91 92;
param t:
 1 2 3 4 5 6 7 8 9 10 11 12 13 14 15 16 17 18 19 20 21 22 23 24 25 26 27 28 29 30 31 32 33 34 35 36 37 38 39 40 41 42 43 44 45 46 47 48 49 50 51 52 53 54 55 56 57 58 59 60 61 62 63 64 65 66 67 68 69 70 71 72 73 74 75 76 77 78 79 80 81 82 83 84 85 86 87 88 89 90 91 92 93 94 95:=
1 0.0 5.417754608691685 10.69478845045567 7.606639533986082 12.112397822066447 3.558752168949111 5.461726558516088 6.692624746689448 9.579205864788584 13.167309710035683 8.033851504726734 14.005681168725785 6.967965126204349 10.210168705756042 13.264973803215746 8.58082746592658 11.755370559876026 4.885853968345759 9.108244452143344 10.754762712398634 11.73656342376251 10.720039598807459 11.244994130723235 7.476636944509209 9.454545679195801 1.2070459808971654 3.340224243969258 2.4384013205377 4.0096858979226795 0.6225704779380403 1.5038404170655875 9.200975654787921 11.892624142719722 9.39939684235111 11.70910150267731 9.567196506814312 9.714018787299107 3.1616940079647176 8.027526954174617 11.751078673892026 5.757025099823692 3.620348740107781 7.6946894024385415 13.564932804846473 13.364390034715388 15.221926619189832 9.473508325852677 4.578988752989027 13.770250397142384 11.95218314786048 4.597732593355119 11.153252171452054 5.649672645383979 14.922510311606423 10.998078604920043 0.9919778223327378 16.60495712129363 14.052284227128343 13.595861907212798 4.446238072798173 5.164034275641478 10.731150590686909 13.348309293689594 3.2005757294586865 12.445740154767815 15.275193255733297 14.369415089000666 8.214826656722586 12.257956477325246 12.65630107890927 6.172848370080056 12.120286341502002 5.386565974718958 11.756446827166787 7.102624937303109 13.618562626063001 5.8081626182468415 11.846335678174919 15.012283537157163 6.75421364779054 6.084309821171174 6.084309821171174 6.084309821171174 6.084309821171174 6.084309821171174 6.084309821171174 6.084309821171174 6.084309821171174 6.084309821171174 6.084309821171174 6.084309821171174 6.084309821171174 6.084309821171174 0.6533192175345832 11.730764084235945
2 5.417754608691685 0.0 8.821051241207025 6.799087585845618 6.727874255662036 8.188850224543124 9.608770993212397 7.687679558878608 10.677279897052433 8.682286910716554 4.479647865625155 13.080386079928987 2.466288101580997 9.110329302500542 14.447572702706847 3.664244123963358 6.551843252093262 9.673601190869924 6.074087421168715 10.55716192923079 6.416115959051862 9.683358921366077 7.168689280475197 4.860578669253281 12.25730937033083 5.626564226950582 7.190595872387767 7.42912444370129 3.427847429510246 5.907400866709486 5.522992757554548 3.864304853398603 11.681924926997263 6.714517406336811 7.928108034077235 8.85373875828737 8.386645813434594 5.711014795988538 6.656255403753676 12.585505035555785 11.117649796607193 5.247601356810557 7.80544681616626 8.745902411986998 11.91118398816843 10.846359619706513 6.881658593682195 9.659021948416932 14.028616360853269 8.945010955834542 6.091044081272109 12.357444598297821 5.349878877133575 15.99660454596537 12.82167984314068 6.40540748118338 11.85263784986279 10.398724008261782 12.69771412499116 9.455909475032003 6.460899705149431 7.860822603264877 14.625271074410895 6.962493949728072 12.895486380900877 12.280894511394518 13.7064576386461 6.077817042326957 13.702672513053795 8.184020650022823 5.903497268568861 7.389130666052671 10.792011212003072 6.485973558379652 5.618171410699392 15.053401775014176 10.600061131899194 6.443107635295254 9.911125062272195 6.565757610512286 3.0176926616207953 3.0176926616207953 3.0176926616207953 3.0176926616207953 3.0176926616207953 3.0176926616207953 3.0176926616207953 3.0176926616207953 3.0176926616207953 3.0176926616207953 3.0176926616207953 3.0176926616207953 3.0176926616207953 5.303062228561909 7.354622288058034
3 10.69478845045567 8.821051241207025 0.0 3.181091164993547 9.831666644063965 10.370757204756073 10.091162519749645 5.206126583171024 5.480654431726197 15.786049315772456 4.597513458381607 4.408295021887715 10.95813168382275 1.441882450132465 7.803275337959056 11.314579090713007 12.468450625478694 11.310717793314446 3.049600793546592 3.3431268297807666 11.8096174789872 1.6613298889744925 15.01826145064734 13.654716401302519 8.993116589925874 9.777513998967223 9.0680001102779 10.697428335819783 11.713143770995046 10.653579773953917 9.433965232075005 8.352050347070472 3.9521306911588834 2.2902150554041865 15.939070550066589 2.1629879796244826 1.2325165313292963 13.090061000621807 2.6672617044452163 6.009135212324649 15.378541218204022 13.0242299196536 3.852724360760837 7.596281853643926 3.0958593314296436 7.265269850459789 15.580793946394389 14.961829901452566 6.288842818834002 2.457859637977726 14.08500014199503 6.434819189378984 5.055945509991183 8.885578090366433 7.683353499612003 11.363972896834982 9.342801774628422 4.869704713840461 4.070268418667251 14.908766582115371 14.589480114109618 1.9938668461058275 8.069409210097106 8.953649591088542 5.667439986448908 4.903304701933177 5.148624864951807 14.883089766577369 7.6524200747214595 15.389847075263612 4.5885467198231735 6.659581743623244 14.753608948321764 12.130614576351851 14.422991818620712 8.618078904257027 11.827179587712365 9.977049914679188 9.588822711887003 4.153606866327144 5.836037182883605 5.836037182883605 5.836037182883605 5.836037182883605 5.836037182883605 5.836037182883605 5.836037182883605 5.836037182883605 5.836037182883605 5.836037182883605 5.836037182883605 5.836037182883605 5.836037182883605 10.088177734358172 5.5088410759432875
4 7.606639533986082 6.799087585845618 3.181091164993547 0.0 10.004127348249822 7.231004632829383 7.149217020065903 2.3947920577787123 4.303441645938748 14.85570765732821 3.8308945430538808 6.592429901030424 9.199475474177863 2.6340759290498816 7.821356979450561 9.970402649843185 11.88191710120888 8.256273735772089 3.2592726182386156 3.762406145008802 11.369203666044513 3.1780459405112444 13.708309377891934 11.60995456494124 7.106183011997369 6.634199047360578 5.908381927397721 7.517737558600992 9.157419396314664 7.52018490464164 6.288427227852764 7.734494424330526 4.902349028782018 2.9191697449788703 14.555016626579304 2.131484459244308 2.109658740175766 10.201675646676874 0.7846527894553108 5.909562166522999 12.204233240970119 10.234408629715738 1.397809715233085 9.002331087001854 5.7768565846834035 9.497727359742434 13.673039640109291 11.791252902045652 7.229528961142627 5.05520731523446 11.318293599301972 5.8585691939244 1.9763329678978694 9.291354745138085 6.67132385662696 8.22426610707606 11.408021388479247 7.501727867631563 6.186788504547412 11.744475807800024 11.851816949312035 3.965017528334522 8.029401098463072 5.785226875412926 6.116590308333557 8.030762479366452 7.1003454141330336 12.795905751450345 7.2334756514417045 14.402693150935349 1.4358635032620615 7.717590556643958 11.58524691148186 11.622331650748915 12.1524227214165 8.50756163656779 8.849143235364654 10.013631708825724 10.949612961196392 0.9890768423130731 3.8868415197947037 3.8868415197947037 3.8868415197947037 3.8868415197947037 3.8868415197947037 3.8868415197947037 3.8868415197947037 3.8868415197947037 3.8868415197947037 3.8868415197947037 3.8868415197947037 3.8868415197947037 3.8868415197947037 6.981943640563135 6.7429620345957755
5 12.112397822066447 6.727874255662036 9.831666644063965 10.004127348249822 0.0 14.483328346757867 15.535882208616282 12.038265032802691 14.267496276502055 6.942132957528255 6.1858196708277875 13.983507142344513 6.286868298286517 10.95877109898733 17.430677238707624 5.040308819903797 3.4793082645836373 15.943192277583558 7.0646705514128545 12.924441651382855 2.6702307016435864 11.39465576487504 7.217180197279267 8.65935684678718 16.980380001637183 12.151363586034284 13.28432478524972 13.920471040880765 9.633358811961694 12.561405375195882 11.97932539836864 2.927607897243072 13.740585504264363 7.753216880753434 8.152972034785844 11.231470518146766 10.268089987918882 12.161071087696183 9.36563270687037 15.532379373425053 17.841362980445187 11.543470708586737 11.395510168483023 3.9867812831907394 12.42372778195015 6.623596379611306 9.493709759625055 16.370729763819327 16.117072469899735 8.209693112412912 12.118233287076134 15.701301506563079 9.815599421329297 18.66059455108545 16.65109756142219 13.104207911964766 6.505816781926771 7.8847549739988745 13.719503343780342 16.159198618743442 12.309870876658293 7.906746992284501 17.676753152092157 13.060119218445134 15.394378357049694 10.40837787553853 14.799993412160696 9.636769998292996 17.050512309018753 6.720107886038734 10.070374173783216 3.6666060601051758 17.498648233506493 3.054191382346561 10.036367569992642 18.203022084258425 16.82327732637134 0.43268464266715084 3.9023936244310367 10.45006435386883 7.079748371234673 7.079748371234673 7.079748371234673 7.079748371234673 7.079748371234673 7.079748371234673 7.079748371234673 7.079748371234673 7.079748371234673 7.079748371234673 7.079748371234673 7.079748371234673 7.079748371234673 11.923876760517109 4.697535204764303
6 3.558752168949111 8.188850224543124 10.370757204756073 7.231004632829383 14.483328346757867 0.0 1.966235998042961 5.332517698048456 7.465336563076041 16.50753676355137 9.255224524559086 12.699121544421883 10.172678359212975 9.452620800603396 10.741832851054795 11.703830526797626 14.73719084493378 1.4851329906779391 9.797726777166222 9.322084316288928 14.593673286736276 9.842480378441198 14.663716377508125 11.005454874742798 6.31835239599692 2.690712359208988 1.3614716302589631 1.1996941276842195 7.537831651078445 2.946242522264588 2.6979557075682323 11.577504048800847 10.329211489750802 9.814039942857375 15.183676267623728 8.665400740877482 9.191290224990178 6.504786699039408 7.904587275753238 9.54814709773577 5.0997200903579 7.089370352859271 6.660833881729825 15.109223970806706 12.453674959625372 16.274306529004548 13.026438538602944 5.261556518749941 11.748834197485298 12.223369952676716 7.967789279342169 8.782789818730722 5.713412290391793 12.367428067306477 8.276644851629191 3.1035594081634716 17.95250456064557 14.598301031284429 12.305989598565409 5.332851019857952 8.511609542266374 11.058196959721778 10.76781547018707 1.5409146634385693 10.41419247949643 15.256944975977333 12.868981505931231 11.77235847228583 9.655128896084195 15.995705486160965 5.958496790298707 13.665445473895097 4.435806352851757 14.67405618770761 10.660353934086803 10.937328604371363 2.4133934614977317 14.290343592790203 16.81096082917333 6.242076978057864 7.602110562205735 7.602110562205735 7.602110562205735 7.602110562205735 7.602110562205735 7.602110562205735 7.602110562205735 7.602110562205735 7.602110562205735 7.602110562205735 7.602110562205735 7.602110562205735 7.602110562205735 3.21870859196666 13.008615798769675
7 5.461726558516088 9.608770993212397 10.091162519749645 7.149217020065903 15.535882208616282 1.966235998042961 0.0 4.885533850051599 6.2548427638110935 18.133934432439087 9.876136339682638 11.764275583307285 11.763509382832998 8.971298456745266 9.157101561083616 13.224923931728302 16.137219401123602 1.516047492659778 10.109820671010935 8.440736697705953 15.920836661432087 9.268497181312622 16.36111762686156 12.823585185118864 4.474351014393037 4.461832022835462 2.433457827865524 3.1658253268302716 9.372672297696106 4.865657715047369 4.375109712910065 12.694801613258868 9.322463730152025 9.97691936421258 16.92914153169026 8.14777822476778 8.86385220995928 8.466504001062066 7.903947874322046 8.182530720993352 6.240573130730862 9.036693643141831 6.240695474063768 15.6961330588142 11.753157873524884 16.56740139551161 14.879547338544947 6.872899315427223 10.427783129697316 12.197486175437954 9.9300458206395 7.34074962112181 6.077547202613896 10.739281400540728 6.633756251174745 5.068260944347676 18.379092469433846 14.65092041477258 11.392020014027363 6.993273339431257 10.475839679949287 11.110452196017945 9.150663910340057 2.657508983992339 9.123651516799619 14.981366092583144 11.818734830767632 13.642730665083143 8.047748629275146 17.623954664036106 6.1294371682887805 14.286431184869087 5.539636269648035 16.036116393940272 12.55374406302757 9.262512887980238 1.7454168556536869 15.386764832153638 17.50659304376497 6.198002016779277 8.479417727650878 8.479417727650878 8.479417727650878 8.479417727650878 8.479417727650878 8.479417727650878 8.479417727650878 8.479417727650878 8.479417727650878 8.479417727650878 8.479417727650878 8.479417727650878 8.479417727650878 5.04425663502562 13.503944794022226
8 6.692624746689448 7.687679558878608 5.206126583171024 2.3947920577787123 12.038265032802691 5.332517698048456 4.885533850051599 0.0 3.0974513716925407 16.225814771529965 5.888852180179088 7.470555334110042 10.152575436804199 4.145256204385924 6.927021293456518 11.210433443895022 13.524952532264209 6.131432540605825 5.612322602987108 4.122974290484965 13.102278313331617 4.512412326018091 14.845254629005188 12.183854316266261 4.944801310467389 5.540213172793986 4.150301193889427 5.901137941109324 9.24156247611842 6.422323567058888 5.207936443544602 9.52073594844432 5.228042176570499 5.313552201682034 15.61578137654341 3.3419103818026 3.981004521474448 9.677524735178928 3.179336566014992 5.203866255006945 10.428221708421816 9.895264574532607 1.3632596964628567 11.356767145627316 7.124140439379336 11.887146167184115 14.313479311474202 10.33107874328717 7.1008767064356215 7.355838225518558 10.976650354274751 4.783639200441438 2.401282365737107 8.551018886659064 5.134000876509471 7.059230127995545 13.802659779911986 9.827477092316217 7.067194422116884 10.334450396610361 11.540399299850938 6.324347634341426 7.070086067368628 4.0986862529352015 5.794122021497304 10.101453608268466 7.7444405866402 13.285215128103872 6.077327126294914 15.745852946093455 1.9915423671114802 10.036534511473569 9.76824370089117 13.313807870027269 12.463835244418147 7.451446705170749 6.621276689581852 11.996371159646568 13.281960736276856 1.620845458395093 5.259320488428139 5.259320488428139 5.259320488428139 5.259320488428139 5.259320488428139 5.259320488428139 5.259320488428139 5.259320488428139 5.259320488428139 5.259320488428139 5.259320488428139 5.259320488428139 5.259320488428139 6.039573826024482 9.101892770187966
9 9.579205864788584 10.677279897052433 5.480654431726197 4.303441645938748 14.267496276502055 7.465336563076041 6.2548427638110935 3.0974513716925407 0.0 19.05768611348188 8.124296215673084 5.606634106128204 13.140978692624076 4.042150170391991 3.8298439916007023 14.093633917482034 16.167549226769037 7.750786411713329 7.300516420089746 2.5518107296584525 15.668370496002447 4.006056664601738 17.786288876547577 15.262946144175443 3.607064318805529 8.384442796036 6.600156437539946 8.333414186274435 12.33594374176536 9.225170188132033 8.075365564480657 12.034837182114265 3.152859020000736 6.734005791503301 18.587903620365587 3.3696053181344547 4.431403615108874 12.65679659313525 4.901914115934713 2.1720416662670172 12.426813791153386 12.925047388694557 2.97737904876084 12.832718379205552 5.922370640208194 12.743726495809616 17.387538324903847 12.714761853845317 4.2919861369766785 7.93798645753443 13.997262589520851 1.6915262339083006 5.327482895326836 5.456246053835915 2.384806071780261 9.796075183459955 14.810629763787897 10.324844260326643 5.263899125173278 12.767014138004233 14.56487160945815 7.262857977408068 3.978118148069511 6.629179436400858 2.9530433454319636 9.816304803743618 5.580432330922042 16.374987572514367 3.025960343428181 18.591667918721008 4.785400505704826 11.690160392398388 11.731465040650292 15.916335790627187 15.561170650050721 4.380448493019864 7.899552012614387 14.295395132699202 14.827947194402872 4.159659240851346 8.01391970261744 8.01391970261744 8.01391970261744 8.01391970261744 8.01391970261744 8.01391970261744 8.01391970261744 8.01391970261744 8.01391970261744 8.01391970261744 8.01391970261744 8.01391970261744 8.01391970261744 8.935709764758478 10.61126330839076
10 13.167309710035683 8.682286910716554 15.786049315772456 14.85570765732821 6.942132957528255 16.50753676355137 18.133934432439087 16.225814771529965 19.05768611348188 0.0 11.327374320644656 20.16783444001859 6.372727908831507 16.60322432541342 22.67650424999409 5.034506629253755 3.5117186675472736 17.95392798247782 12.747292261496165 18.399066769811995 4.304606137615845 17.127992585238935 2.121441019684498 6.16144341855056 20.92672676268317 13.819536207847209 15.701555496192091 15.54136905166337 9.290652721956624 13.77385585085019 13.821961836150468 7.434537376326788 19.403034814172756 13.507680555891158 2.340790678381987 16.62359407589105 15.85428831578384 11.487329541716822 14.451793037543819 20.761163382623817 18.0371461434452 10.693830464337838 16.088486131392226 10.917461289145933 18.703857195776493 13.536724308339888 5.199875863902907 16.137179090535 21.83115674901355 14.693812609394472 10.624690113128006 20.686853820723925 13.828104497724913 24.11576415956998 21.320632729823007 14.01300499536056 13.1032115910566 14.761602521406678 19.84855747907137 15.862336839192391 10.477917016277615 14.0943302785198 22.884886366333568 15.479775838170267 20.875613643675244 17.25474659332904 20.93162021918036 6.22669559236679 22.059048846221813 0.5119726555198054 14.309108218194453 10.516140451705652 17.953654558334357 3.92376923378529 7.312317826790628 23.35821716227504 18.89201318017749 6.5766923297353665 10.38844252041662 14.902308042716067 11.043994250270144 11.043994250270144 11.043994250270144 11.043994250270144 11.043994250270144 11.043994250270144 11.043994250270144 11.043994250270144 11.043994250270144 11.043994250270144 11.043994250270144 11.043994250270144 11.043994250270144 13.332434473868604 11.409899605167436
11 8.033851504726734 4.479647865625155 4.597513458381607 3.8308945430538808 6.1858196708277875 9.255224524559086 9.876136339682638 5.888852180179088 8.124296215673084 11.327374320644656 0.0 8.997901144155787 6.408040574153694 5.277808730903384 11.485088941754 6.72169695835806 8.16940077361859 10.594467093723969 1.6249495376780168 7.093563913858815 7.604531083505412 5.810491631523102 10.4415949452179 9.179074572090586 10.814702954774114 7.537467081188481 7.920720421779827 9.046924173441491 7.734917517336562 8.246254179929212 7.255013301159412 3.9845061174504424 8.076357656765827 2.3366371134602826 11.353382931972302 5.323609020204245 4.527644972830799 9.61579601489133 3.247321511646175 9.563860517594348 13.578966234585016 9.348169072069673 5.214585793713629 5.858581739636309 7.66842441444134 7.202947174594577 11.03398613375964 12.611035484844217 10.504856495926061 4.471157344580931 10.321989972868604 9.627112547384082 3.8360126433576833 12.848032378539523 10.499575086640412 8.93483351831471 8.727655641694394 6.148705392194359 8.647038394733771 12.479410122277415 10.759380093667108 3.3861909278716107 11.713317762273848 7.721127702609251 9.58370293780019 7.832387439344405 9.711782740568285 10.413170938767882 10.995241925487589 10.906163624299793 3.96956786061153 4.424694904736371 13.076616726049593 7.88029161896944 10.071982774012275 12.217347748181682 11.37919527031679 6.1840405076292955 7.630540544417546 4.280898971010645 1.9694994287889498 1.9694994287889498 1.9694994287889498 1.9694994287889498 1.9694994287889498 1.9694994287889498 1.9694994287889498 1.9694994287889498 1.9694994287889498 1.9694994287889498 1.9694994287889498 1.9694994287889498 1.9694994287889498 7.581485870197214 3.7787468822349033
12 14.005681168725785 13.080386079928987 4.408295021887715 6.592429901030424 13.983507142344513 12.699121544421883 11.764275583307285 7.470555334110042 5.606634106128204 20.16783444001859 8.997901144155787 0.0 15.30763198538559 4.010276798426763 5.340851711103764 15.719028118811927 16.807630707509016 13.21904156888842 7.455793586198588 3.377236740295238 16.12185361551208 3.4396424232760014 19.426522745977984 17.939834586751353 8.916277979067274 12.919250171739845 11.603212012197313 13.363595698763115 15.72432186137132 13.814300018459134 12.576142850651784 12.73526882323259 2.456780413468001 6.697832783818957 20.346427622558217 4.484962653133246 4.703135975070252 16.762365286557863 6.488663652864124 4.400304194030227 17.782237120227588 16.822195457192855 6.31810889428158 11.135240859541387 1.5994761642487834 9.91656477818806 19.914349223612607 17.79867986677664 3.0249887603096974 5.836221465982936 17.90774296219376 5.287371464158727 8.53507023989844 5.685245553184136 6.678535318466168 14.480529168507621 11.997126489289007 7.309474741730763 0.4100780413531065 17.804833164059698 18.443366422646385 6.118034978651234 5.6157523093526835 11.564331454952336 3.4451312021460083 5.604263555544118 0.8424494050089896 19.157895500289168 5.835093315449204 19.77987547989117 7.943864298941668 10.530993875223746 17.101379651946214 16.455621319172362 18.61760591483234 6.130228788552675 13.456889536590541 14.17647544349441 13.012905132982413 7.297012607910172 10.063065586589406 10.063065586589406 10.063065586589406 10.063065586589406 10.063065586589406 10.063065586589406 10.063065586589406 10.063065586589406 10.063065586589406 10.063065586589406 10.063065586589406 10.063065586589406 10.063065586589406 13.35819183123225 9.38558943274209
13 6.967965126204349 2.466288101580997 10.95813168382275 9.199475474177863 6.286868298286517 10.172678359212975 11.763509382832998 10.152575436804199 13.140978692624076 6.372727908831507 6.408040574153694 15.30763198538559 0.0 11.397805271191467 16.902250856025066 1.644234168237602 4.880511551056918 11.635588897859876 8.030535785363265 12.93883043400755 5.020213640872269 11.965303548176285 4.727614726265244 2.863385758154147 14.667746929913948 7.49831194336432 9.330443290648093 9.259247539622212 3.5410609991921915 7.548165604966547 7.476860972359991 4.049311669901442 14.044948878511448 8.739634145660789 5.464247432172156 11.20689470816961 10.657737705535823 6.081905046940473 8.989881256167958 15.031495068688278 12.307871465042197 5.386539984071407 10.254175588510272 9.292873183251775 14.050394478447929 11.709200826700345 4.626946509308272 10.595667793961832 16.418527887724892 10.709115743141448 5.85472945574772 14.818996727174213 7.814307710859613 18.44081842001596 15.286445531908326 7.885862920441872 12.317880702458519 11.774646066867573 14.93707484750612 10.35103941640645 6.024621813856867 9.742695982119118 17.083025054129024 9.108062856612268 15.313070299583947 13.907050334272899 15.971766214166797 4.079413315661946 16.166749735181774 5.864037602198675 8.362293525104223 8.13860141547674 12.101410702889147 4.955483831070382 4.025149065562665 17.515047987373602 12.57377433390627 5.900798674755816 10.003457052439423 9.017771343297634 5.335395018178129 5.335395018178129 5.335395018178129 5.335395018178129 5.335395018178129 5.335395018178129 5.335395018178129 5.335395018178129 5.335395018178129 5.335395018178129 5.335395018178129 5.335395018178129 5.335395018178129 7.048577161385126 8.440997571377448
14 10.210168705756042 9.110329302500542 1.441882450132465 2.6340759290498816 10.95877109898733 9.452620800603396 8.971298456745266 4.145256204385924 4.042150170391991 16.60322432541342 5.277808730903384 4.010276798426763 11.397805271191467 0.0 6.507143843500005 11.940099036440191 13.387649009441501 10.270192403261001 3.93888943739222 1.9898824085859943 12.772001409332837 0.5742229532159094 15.682826339662123 13.969782568100335 7.577639540120657 9.195856947560676 8.208166725889527 9.909713315732196 11.717180633582464 10.089314991613653 8.849130183244 9.213976340321262 2.8176589573615893 3.2129021149110657 16.576835795772364 0.8273342734348671 0.7523509819226659 12.8348962598067 2.4800362900570625 4.657039939704189 14.528600930578277 12.85663486298028 2.793624885341623 8.971112138414055 3.1542510997065536 8.706880095648497 15.974824725173045 14.276176974246292 5.241830691657257 3.89922158898414 13.937831753899166 5.021871463906657 4.608626693495579 7.703959566352877 6.247459163532004 10.783124083492686 10.784215316841554 6.289485591047967 3.6136878669857477 14.248136579918091 14.466524288853908 3.3390297992081477 6.764301146459995 8.121828981208603 4.435651135966399 6.05908920548295 4.597433305660889 15.18066190915271 6.273654278010544 16.183890076245575 4.046405318304136 7.960679870463327 13.880520235207324 13.07335247746346 14.615694920187682 7.304916768861916 10.716505587177194 11.067670034835697 10.969227684755204 3.4619914789034354 6.095915435765165 6.095915435765165 6.095915435765165 6.095915435765165 6.095915435765165 6.095915435765165 6.095915435765165 6.095915435765165 6.095915435765165 6.095915435765165 6.095915435765165 6.095915435765165 6.095915435765165 9.57664789997001 6.827018749058772
15 13.264973803215746 14.447572702706847 7.803275337959056 7.821356979450561 17.430677238707624 10.741832851054795 9.157101561083616 6.927021293456518 3.8298439916007023 22.67650424999409 11.485088941754 5.340851711103764 16.902250856025066 6.507143843500005 0.0 17.775848615466998 19.646287410093542 10.658522458577455 10.368015866114405 4.519361127416132 19.089112001347782 6.14662679849688 21.4993651301614 19.08314465700032 4.990387960870377 12.059053113739902 10.110305237726504 11.755292978058863 16.161135634601923 12.860947710025105 11.768301576693215 15.466599141375585 3.919747568402844 9.681955226089409 22.32420757832179 6.206490232007137 7.167997279575378 16.388065200016747 8.257826893317636 1.9221342304844375 15.370046974554112 16.6954660012831 6.650769654709146 15.387970626434145 6.558984448830475 14.718114689049003 21.20363124561451 15.972063736411775 2.388437564601596 10.077437968055175 17.757663838467042 2.148205762956613 9.11200839551852 1.6575367265916012 2.5387904600419464 13.378670262772756 16.833934685628314 12.118939970145904 5.235652490377872 16.063198840828687 18.32726602633355 9.793153169434245 0.28202304870346917 10.179834232442097 2.1793856932631273 10.826330911255207 4.760000000000001 20.201614019676743 1.1154573053236954 22.224044298911934 8.54481766920746 14.451648660274026 14.670000034083163 19.364469731960128 19.390856427708396 0.8335046490572204 10.535318742211837 17.51603394036447 17.371811333306614 7.88452078442311 11.677169691325034 11.677169691325034 11.677169691325034 11.677169691325034 11.677169691325034 11.677169691325034 11.677169691325034 11.677169691325034 11.677169691325034 11.677169691325034 11.677169691325034 11.677169691325034 11.677169691325034 12.634725640076242 13.307001615690892
16 8.58082746592658 3.664244123963358 11.314579090713007 9.970402649843185 5.040308819903797 11.703830526797626 13.224923931728302 11.210433443895022 14.093633917482034 5.034506629253755 6.72169695835806 15.719028118811927 1.644234168237602 11.940099036440191 17.775848615466998 0.0 3.2380199196422503 13.17776236695745 8.284798669853119 13.62354891355406 3.4237460478253934 12.491401082344606 3.749422488864118 3.6234265550718696 15.892608407684373 9.052029606668329 10.794410127468755 10.83179158772915 5.161769560916101 9.150822148856351 9.006632667095955 3.4449878083964247 14.682888033353656 9.033365762549417 4.637588381907132 11.856985325115318 11.188447836943245 7.684779827685371 9.645145566553156 15.874162466095653 13.951932697658771 6.96627482949101 11.143065332304213 8.464558228283387 14.362449547343935 11.010476556443868 4.762003779922902 12.231417007035612 17.095159197854812 10.703287812630286 7.342603148747724 15.744349145010725 8.819630207667439 19.26170527237918 16.323408498227323 9.511228101565012 11.36672850911818 11.42994050728174 15.368646557195596 11.984380042371821 7.448917371000969 9.868599748697887 17.97327229527222 10.56851782417951 16.063475340037723 13.720159656505459 16.43161471067284 4.65927601672191 17.11036238657732 4.5442888332499285 9.3196895334555 7.483626994980442 13.744517779827707 3.32968376876844 4.996253496371056 18.43090209403761 14.113928900203515 4.6237379899816995 8.897497007585898 9.934338125914579 6.098891866560678 6.098891866560678 6.098891866560678 6.098891866560678 6.098891866560678 6.098891866560678 6.098891866560678 6.098891866560678 6.098891866560678 6.098891866560678 6.098891866560678 6.098891866560678 6.098891866560678 8.629048730885692 7.995779011453481
17 11.755370559876026 6.551843252093262 12.468450625478694 11.88191710120888 3.4793082645836373 14.73719084493378 16.137219401123602 13.524952532264209 16.167549226769037 3.5117186675472736 8.16940077361859 16.807630707509016 4.880511551056918 13.387649009441501 19.646287410093542 3.2380199196422503 0.0 16.221008908202965 9.468922008338646 15.256200903239312 0.8091785958612601 13.888972964189973 3.844169611242459 6.296135084319586 18.39153873388521 12.137251130301292 13.73231724801026 13.93475367561264 8.39286101398087 12.3076644819397 12.058136879302706 4.185615605857757 16.204454943008727 10.221577666877067 4.739712333043008 13.490823547878758 12.649312471434959 10.89952384281075 11.389598851583843 17.724167371134815 17.187533069059096 10.164583710118187 13.193962634477938 7.465564479662606 15.310703772198064 10.102741657589785 6.5311384153147465 15.46758497633034 18.629244778036494 11.234289875199055 10.456649559012677 17.739116240669937 11.138626935129842 21.016526949046554 18.499175441083857 12.703614013342817 9.858162607707381 11.250607494708897 16.50360112217937 15.219153787251118 10.499552228547655 10.699501764100981 19.869929038625177 13.503599668236616 17.74903763588325 13.743295092516933 17.590077686013785 6.995830901329734 19.113452540030544 3.250290448559943 11.546551433220225 7.005688117522789 16.97162455394297 0.42531047482985923 7.700493490679672 20.365927059674945 17.14971865658443 3.091116626722454 7.16353613796985 12.073839033215576 8.266075550102359 8.266075550102359 8.266075550102359 8.266075550102359 8.266075550102359 8.266075550102359 8.266075550102359 8.266075550102359 8.266075550102359 8.266075550102359 8.266075550102359 8.266075550102359 8.266075550102359 11.75550955935131 7.903417298865093
18 4.885853968345759 9.673601190869924 11.310717793314446 8.256273735772089 15.943192277583558 1.4851329906779391 1.516047492659778 6.131432540605825 7.750786411713329 17.95392798247782 10.594467093723969 13.21904156888842 11.635588897859876 10.270192403261001 10.658522458577455 13.17776236695745 16.221008908202965 0.0 11.023498990792353 9.872629031823287 16.078736766301013 10.604244433244643 16.08593652853324 12.362482315457523 5.890983024928862 4.138413343299579 2.691134519120142 2.4479481203652993 8.895090443609892 4.263288050319847 4.172141057059314 13.04444418133636 10.788672300148892 10.975141730292142 16.58142240581308 9.45628098144297 10.09823370694103 7.622561905291422 8.976476368820897 9.69746982465014 4.725311524121981 8.271219015356804 7.494021617262657 16.452663522967946 13.141239515357752 17.51042834998619 14.345440843696649 5.455850529477508 11.941660060477355 13.3045570012684 9.067833368561644 8.856733765898126 6.928765835269655 12.228848392224021 8.128506012792265 4.25924089480743 19.243661190116605 15.724153299939553 12.840908690587282 5.599835711875841 9.588197380112698 12.173305385144989 10.64547725562363 2.905550894408838 10.634561815138413 16.21398316269016 13.298860289513534 13.075321028563696 9.54673986238234 17.441958662948377 7.092221090744421 15.01740923062297 4.024270617142938 16.15902611545634 11.936589546432433 10.741196627936759 0.9385009323383763 15.756748014739589 18.190714114624527 7.275685878321026 9.010417359922902 9.010417359922902 9.010417359922902 9.010417359922902 9.010417359922902 9.010417359922902 9.010417359922902 9.010417359922902 9.010417359922902 9.010417359922902 9.010417359922902 9.010417359922902 9.010417359922902 4.628133641112798 14.316271197487145
19 9.108244452143344 6.074087421168715 3.049600793546592 3.2592726182386156 7.0646705514128545 9.797726777166222 10.109820671010935 5.612322602987108 7.300516420089746 12.747292261496165 1.6249495376780168 7.455793586198588 8.030535785363265 3.93888943739222 10.368015866114405 8.284798669853119 9.468922008338646 11.023498990792353 0.0 5.873059339049792 8.838853432431154 4.42331662895615 11.973981292786457 10.803292877636892 10.349406601346766 8.447203856898447 8.436680923206708 9.778005727140886 9.24838234503743 9.233580291522893 8.13427593581629 5.319188847935369 6.7537856051254685 0.7609270661502324 12.89912962180007 4.166890927298193 3.2207741305468782 10.987818709825895 2.5009778087779986 8.467708840058211 14.429371607939135 10.781387758540177 4.622096710368574 5.747008700184818 6.078095918953567 6.487043471412844 12.655164202806695 13.639104699356187 9.17030670152313 2.9568518731921625 11.786926486578256 8.658692568742696 4.096341050254483 11.632241271569292 9.679508251972308 9.943030775372266 8.27177429576025 4.951534408645465 7.119832160943122 13.532676379785338 12.24564400103155 1.7979682978295253 10.612736687584404 8.261963931172781 8.357923486129794 6.347801194114384 8.196976576762923 12.037338327055528 9.996700655716365 12.345991414220244 3.980838353914914 4.463403409955234 13.879878529727845 9.145787281584894 11.681980825185429 11.138355219690204 11.727899129852714 7.1497699263682595 7.69043522825594 4.024937887719511 3.3147496134700734 3.3147496134700734 3.3147496134700734 3.3147496134700734 3.3147496134700734 3.3147496134700734 3.3147496134700734 3.3147496134700734 3.3147496134700734 3.3147496134700734 3.3147496134700734 3.3147496134700734 3.3147496134700734 8.59043450589084 3.4899233515938426
20 10.754762712398634 10.55716192923079 3.3431268297807666 3.762406145008802 12.924441651382855 9.322084316288928 8.440736697705953 4.122974290484965 2.5518107296584525 18.399066769811995 7.093563913858815 3.377236740295238 12.93883043400755 1.9898824085859943 4.519361127416132 13.62354891355406 15.256200903239312 9.872629031823287 5.873059339049792 0.0 14.665540699203694 1.6913674940709953 17.372653740865267 15.371887359722617 6.144397529457221 9.63312166434121 8.233775865300197 9.996609525234044 12.832094528953563 10.523118786747586 9.294487021885608 11.071215290111558 1.16615350619033 5.171282626196327 18.241784260318394 1.775520768676052 2.6564638149238915 13.625957360860925 3.97872592672579 2.672684979566429 14.40780389233557 13.755262120366881 3.088169036824247 10.934461349330382 3.3975997409936327 10.512645004945234 17.434445474404974 14.433752284142887 3.4809706979519377 5.7364645035073645 14.844787704780423 3.1205616481652787 5.520628949675933 5.767531967835116 4.441248698282951 11.17295614419031 12.614636102559597 7.997042265738003 2.9845877437260917 14.445647787482569 15.395419481131393 5.308488297057835 4.775030261684212 8.201120045457206 2.4939657174869114 7.289636067733423 3.6240685699914685 16.555200270609834 4.3092934455662215 17.965439321096493 4.910074948511478 9.947996381181488 13.72864516257886 14.955722683976193 15.891310896209916 5.3150489179310485 10.156148285644514 13.021245716136377 12.929354044189525 4.221450106302336 7.605601159671732 7.605601159671732 7.605601159671732 7.605601159671732 7.605601159671732 7.605601159671732 7.605601159671732 7.605601159671732 7.605601159671732 7.605601159671732 7.605601159671732 7.605601159671732 7.605601159671732 10.10253280123356 8.810741682741583
21 11.73656342376251 6.416115959051862 11.8096174789872 11.369203666044513 2.6702307016435864 14.593673286736276 15.920836661432087 13.102278313331617 15.668370496002447 4.304606137615845 7.604531083505412 16.12185361551208 5.020213640872269 12.772001409332837 19.089112001347782 3.4237460478253934 0.8091785958612601 16.078736766301013 8.838853432431154 14.665540699203694 0.0 13.262051726637173 4.611373981797615 6.751319945018159 18.003341051038277 12.040056852025245 13.538981239369527 13.84250418096379 8.561235541672708 12.26827620328137 11.938652562161275 3.635010316353999 15.589462659116894 9.584539634223441 5.523678575007782 12.9090768841153 12.04032242093209 11.098042439998146 10.844694555403578 17.168209487305308 17.26827915572365 10.387437412567163 12.70444741025756 6.656386482168835 14.610462005015448 9.293769794867957 7.172421697028137 15.602252177169808 18.00893658715028 10.500804778682442 10.755672456894548 17.2153119344379 10.73534815457794 20.432097420480357 18.017237801616538 12.702011376156142 9.072706321710188 10.458721767022967 15.825277248756182 15.361816559248453 10.838219457087957 10.005655400822077 19.317847965029642 13.309949736944915 17.15948463678324 12.958059499786225 16.912111311128484 7.5417146591474795 18.587364148797427 4.056701369339379 11.11419992622051 6.212939079051074 17.021180041348483 0.3846621894597907 8.162568345808811 19.821058321895933 16.999901176183347 2.283019929829786 6.387869754464317 11.614287967843744 7.8598171098315 7.8598171098315 7.8598171098315 7.8598171098315 7.8598171098315 7.8598171098315 7.8598171098315 7.8598171098315 7.8598171098315 7.8598171098315 7.8598171098315 7.8598171098315 7.8598171098315 11.691737467117537 7.131390116940736
22 10.720039598807459 9.683358921366077 1.6613298889744925 3.1780459405112444 11.39465576487504 9.842480378441198 9.268497181312622 4.512412326018091 4.006056664601738 17.127992585238935 5.810491631523102 3.4396424232760014 11.965303548176285 0.5742229532159094 6.14662679849688 12.491401082344606 13.888972964189973 10.604244433244643 4.42331662895615 1.6913674940709953 13.262051726637173 0.0 16.231210490903013 14.543103142039529 7.596659858121857 9.687669740448422 8.624361135759566 10.344003576952204 12.285306426784803 10.582845789295051 9.341188414757514 9.724056972272427 2.3462416755313162 3.6806488558405026 17.12883910251947 1.1858541225631423 1.3086802512455058 13.378237925825658 3.053497666611193 4.349142559171866 14.932492390756474 13.41023280931394 3.191494947512842 9.257529746103978 2.660003007517097 8.83667477052313 16.545892330122303 14.73216973157722 4.748520295839536 4.048456125487839 14.492841060330441 4.804765655055405 5.1456424283076645 7.272246764240058 6.094129142051389 11.271433493571259 10.933560078949581 6.349673771147618 3.0414430785401856 14.710980932623087 15.023628356692003 3.6466318706444723 6.411226559715386 8.548002456714668 4.026450670255381 5.885766730002133 4.023665617319611 15.754423505796714 5.997296224133004 16.712726946851014 4.57277158843518 8.3068273125183 14.277030293446883 13.568681770901696 15.18965865317585 6.958852276058173 11.012911694915202 11.517127593284707 11.249494210852326 3.965829673599208 6.668227725565467 6.668227725565467 6.668227725565467 6.668227725565467 6.668227725565467 6.668227725565467 6.668227725565467 6.668227725565467 6.668227725565467 6.668227725565467 6.668227725565467 6.668227725565467 6.668227725565467 10.082522551425313 7.160534966048277
