param n := 3;
param numVehicles := 5;
set Origin := 101;
set S := 113 114 115;
set F := 102;
param t:
 1 2 3 4 5 6 7 8 9 10 11 12 13 14 15 16 17 18 19 20 21 22 23 24 25 26 27 28 29 30 31 32 33 34 35 36 37 38 39 40 41 42 43 44 45 46 47 48 49 50 51 52 53 54 55 56 57 58 59 60 61 62 63 64 65 66 67 68 69 70 71 72 73 74 75 76 77 78 79 80 81 82 83 84 85 86 87 88 89 90 91 92 93 94 95 96 97 98 99 100 101 102 103 104 105 106 107 108 109 110 111 112 113 114 115:=
1 0.0 6.998324156539193 5.49438558894441 4.430274257876142 9.94340313977061 12.500753337299317 3.739357832569651 5.153703231657794 8.935979688875753 4.895479649635978 4.391255173637715 11.24274575003811 12.588450460640498 4.982137392726138 1.908655023832227 8.265850349480083 12.877615656634578 11.661840163541944 9.711658200328099 1.7660342578783683 13.03021185553021 4.968214568635296 5.762989675506977 4.455392799742802 16.22603355721909 3.3954329620830395 10.244287090861913 5.697895225431931 8.090488056971594 7.727604674153563 12.98571045418771 10.497737851556401 14.49972651466227 10.328766141219386 12.18602318231834 12.998491989457854 12.839495628723116 7.587000065902201 5.173613824011221 7.736774844856221 8.855065951194266 13.490003706448713 6.073394438038749 12.13647102744451 12.348014617743209 6.747220168335994 12.113338928635656 5.605672305798833 10.10760753096399 10.189696609811305 7.397059550929679 5.896418743610396 4.303731055723627 7.587922113464265 5.798157034782691 10.560110321393427 15.154741073340713 3.4928913524471388 13.240898194609006 3.594105451986627 1.6400185974555286 8.829429200123867 13.987973727456025 8.941963151344341 10.273830541721038 6.554913653130757 3.6293870005828803 14.552742421962947 13.020178839017534 15.058471170739747 5.8306918971936765 3.0952382783882726 16.59424939549843 15.651516124644283 11.317644454567391 12.904927934707734 12.181592055228249 14.335814800701074 9.162522360136427 5.767818044980268 3.7547604450883414 14.718849581404113 10.2284433321987 9.436179841440074 10.208890439220122 3.493251207686044 13.643159348186181 8.942404710143688 1.28428540441757 3.672839364851123 6.230408172824634 3.38602923791275 9.689586626889716 8.702763813869707 6.252751074527116 14.687383497410286 7.563867397039691 9.947363922165511 0.3554602650086223 4.561307926461443 5.408593624963887 5.408593624963887 5.408593624963887 5.408593624963887 5.408593624963887 5.408593624963887 5.408593624963887 5.408593624963887 5.408593624963887 5.408593624963887 5.408593624963887 5.408593624963887 5.408593624963887 6.554150211888648 8.919018163452746
2 6.998324156539193 0.0 2.786822204590741 3.3584962408792425 8.712714215444004 14.885402278742754 7.251316156395334 5.363256473449689 8.455183617166453 11.143189579290123 11.387925403689646 4.346198913993698 12.00470216206966 8.746840458131153 8.203037547152885 3.96419487412009 15.751133673485219 17.93736036879451 3.695390642408459 8.144456396838281 12.651501887127868 2.275877193523412 12.760718827714998 2.579215772284281 15.938228822551142 10.2174728773802 4.315642825814018 12.553250136916734 5.173371821162674 4.5890396598852785 12.821219013806761 3.5363004680032493 16.561814514116502 12.156963971321128 16.25743620624113 7.527839331441659 14.606225830104092 9.172256483548635 3.443106881872824 0.958666782568375 4.87851206824376 13.094780066881611 8.25002503026506 8.189602310246817 7.706813868259697 13.244956209818135 5.173393180495756 5.2031107041845654 15.63637467573606 10.731130881691827 0.7514020228878814 3.472323285640322 6.42269803120153 14.127762066229739 12.781972695949557 14.219545597521742 16.005124991701877 5.415681766869246 12.182855248257692 10.562148881738034 8.50038234434193 10.470228698552864 15.553131196000374 6.309084878173696 15.90678990242846 10.712845093624756 10.627166179184364 15.045257093183885 15.644156608778884 8.182006416521562 7.331459950105437 9.940953726881542 14.994292580845553 16.05531002503533 7.431831873771095 11.064269881017907 14.748016408995483 12.90092744728068 9.759431182194996 9.10865610285074 10.751866117097999 9.299930537374998 4.3759819469463075 14.255821021603772 3.2338034881544675 9.487746255038655 11.994569604616917 2.9458623525209053 5.963823773385663 7.122117662605694 13.2158173791862 8.649530912136218 11.998244288228175 6.847773725817757 12.698848333608838 7.801737050170301 5.754154064673625 3.155035657484714 7.103130366254022 7.698064237196258 6.570480195541267 6.570480195541267 6.570480195541267 6.570480195541267 6.570480195541267 6.570480195541267 6.570480195541267 6.570480195541267 6.570480195541267 6.570480195541267 6.570480195541267 6.570480195541267 6.570480195541267 11.610478456980145 3.941980466719743
3 5.49438558894441 2.786822204590741 0.0 3.863700945984304 10.553510553365644 15.785217926908706 7.181222737111001 2.5764397916504858 10.033383078503482 8.844293075198266 9.675581894645925 6.13939060493792 13.80046752831222 8.792576186761192 7.144000629899189 2.8838330395499665 16.4910754652327 17.084092981484265 6.475847589312152 7.041198193489515 14.406689349048936 2.912247413939963 11.074342463550602 1.821011806661341 17.749811717311257 8.270052115918013 7.096726357976612 11.183635768389456 7.255958792606254 2.7451865146106185 14.516043296986958 6.002157362149045 17.619649088446682 13.1621617145513 16.52792213195597 10.303629700256119 15.719552315508224 6.41401504519595 4.508830114342301 3.742735897709054 7.276212338847734 14.868789493432207 5.463914073262866 10.745969476971355 10.384189231711833 12.20244897551307 7.611512136231538 2.440068236750767 15.212003714172567 12.111998183619413 3.5220109312720767 4.9629093282065915 6.737446697377279 13.058385543397009 10.974026972811759 14.610374567409282 17.464029890033974 5.476713339220887 14.125251148209719 9.035540326953335 7.1306393822714105 11.455212307067905 16.761756590524755 8.414747173860901 15.43032031423846 7.991860359140418 8.98312267532844 16.59689528194957 16.475467155744024 10.637864870358149 8.069098896407207 8.589616580499971 17.15323514675876 17.65823575559008 9.950043869250024 13.191536756572374 15.576959972985744 14.970248661929435 11.06478797808616 9.355754272104415 9.060368259623889 12.080655031909487 7.1524121805164445 14.151435298230352 5.680949656527506 7.203771859241519 14.097768972429645 5.710254372617738 4.242405449741926 7.05109027030572 11.600444172530636 6.241545401581247 12.823060477124796 8.748395109961598 11.688859011896756 10.253449419585586 7.515101130390728 5.832268855256932 5.718078785746135 4.995688240873323 7.31147974079119 7.31147974079119 7.31147974079119 7.31147974079119 7.31147974079119 7.31147974079119 7.31147974079119 7.31147974079119 7.31147974079119 7.31147974079119 7.31147974079119 7.31147974079119 7.31147974079119 11.315906326936434 6.547192986311003
4 4.430274257876142 3.3584962408792425 3.863700945984304 0.0 6.902285128854067 11.975111523489039 3.8928453604015663 5.66312749282585 6.252406656640305 9.195487208408265 8.682005759039786 7.644981229538762 10.067025628257833 5.40508436566905 5.144570924771084 6.470353622484633 12.73510993278032 14.634415396591693 5.311202217954048 5.11862608519122 10.647998732156198 1.1476837543504745 9.982898376724068 2.06229605052233 13.994462226180755 7.825701821562077 5.825258792534457 9.53556395815161 4.059128108350364 6.584903036491881 10.731277370378608 6.471943293941936 13.778232578963094 9.319983261787543 13.013736319750759 8.59541854710985 11.86662083324482 9.440933216584048 0.8813319465445467 3.763087694965399 4.58160986990381 11.114909356355543 8.133924636975683 8.042965933037388 8.074965325002948 10.038095934986872 8.002989066592557 5.808107781369075 12.278723875061283 8.259496897511372 3.43230826121431 1.6036184084750336 3.1147226200738967 10.92203808819581 10.118972526892245 11.014581244877172 13.60979371629122 2.058275977608445 10.475257753392038 7.7251739138999325 5.649569629626667 7.610517065219682 12.900908998981429 5.1201684542600745 12.551223844709329 9.869126658423228 7.890503152524558 12.760026097151997 12.687675949518889 10.827792572819263 4.257871064276137 6.993806545794643 13.641851377287468 13.83021868952187 7.209635358324303 9.711877521880101 11.787078730542186 11.405654737892077 7.206782499839995 5.816578461604381 8.053979885745928 10.338208597237724 5.80456415245796 10.913667028089137 6.2237559399449465 7.631340773415902 10.577078471865471 4.565365702766866 3.851422724137146 3.763624981317878 10.364293511860806 7.099625905637564 9.023303219996544 5.215618467641206 9.485334469590411 10.469423861894214 3.9474487963746916 5.772897452752821 4.403281730709494 7.033837359507255 3.4882667615880525 3.4882667615880525 3.4882667615880525 3.4882667615880525 3.4882667615880525 3.4882667615880525 3.4882667615880525 3.4882667615880525 3.4882667615880525 3.4882667615880525 3.4882667615880525 3.4882667615880525 3.4882667615880525 8.25203035622143 4.498889307373544
5 9.94340313977061 8.712714215444004 10.553510553365644 6.902285128854067 0.0 7.432733279218352 6.544986249030628 12.564890807324987 1.1888031796727323 14.690365039712253 12.879513810699532 11.423480467878429 3.2928730616287054 6.397598377516362 9.280756973437027 12.646493585180044 8.584339520312556 15.065289973976604 6.9466815818777805 9.373773039710317 3.9398031676722125 7.652651958634993 13.762514014525108 8.883271525738701 7.237949226127523 12.837490603696658 6.834279771855993 12.58576370348657 3.5726243855182984 13.089678376491912 4.126999151926252 9.52574333057531 8.603447274203521 4.919081621603772 10.275124184164394 6.852789213159851 6.692079646866137 16.316597929715616 6.103802257609596 8.279067882316221 4.294004308335054 4.382227972162106 14.959554605669247 4.1399310380729775 5.223393245774245 12.02595035745616 10.207274366842501 12.693779578990647 11.845021907957788 2.780834586954067 8.167895200111225 5.590602472006036 5.671914050829754 12.746852160435534 14.186126356408927 8.27888035908238 7.44874251132364 6.524330463733424 3.5792715739379153 11.769840950497166 10.214721190517144 3.9096314404301586 7.3763707200763715 2.550016666612201 12.220013093282676 16.33044191073836 12.166453715031343 6.418714045663665 8.265349659875257 11.715149849660481 4.327329199402328 10.889359301630192 6.774653718087737 7.380905161292889 3.787351845287153 2.9615889316378805 7.491276860455766 4.5186834365775175 2.459667050639171 5.8720814878542 12.392097643256365 7.758795331750928 6.702611804364028 9.803334330726459 9.50314526880443 13.426734003472326 3.7367527346614735 6.952810654692101 10.069818320108858 6.547014968670837 13.860129869521424 13.259774507886625 5.348791358802472 1.8651241245557892 11.547607977412465 11.505869111023294 3.040392737788985 8.589921128857934 9.703933738438241 13.731008120309301 4.557323446936809 4.557323446936809 4.557323446936809 4.557323446936809 4.557323446936809 4.557323446936809 4.557323446936809 4.557323446936809 4.557323446936809 4.557323446936809 4.557323446936809 4.557323446936809 4.557323446936809 8.640902557024932 5.55636544874435
6 12.500753337299317 14.885402278742754 15.785217926908706 11.975111523489039 7.432733279218352 0.0 8.98600673269278 16.97915324743846 6.927677027691172 15.894096042241596 13.005317374058967 18.390665295197994 5.7343181809174135 7.5309537908554445 10.851725116312153 18.438955827269613 1.2296832925595116 10.537311326899285 14.124046905897755 11.003505123368644 5.361848655081565 13.071906134913911 13.162545802389445 13.965694576353872 6.233776784582521 13.888596797373017 14.118533918222527 11.569436459914545 10.4339875886451 18.52949400280536 4.969234347462393 16.595149713093885 2.015473393523219 2.74544131243048 3.8132669720332992 14.224485509149353 1.2642349465190397 20.054248926349747 11.535213998881858 14.769244428879901 11.442331449490526 5.428277995828879 18.545948829865786 11.356237272970302 12.543907565029327 10.086313598138815 17.48738819835598 17.289767262748217 7.3364779015546695 4.661199952801853 14.556616777259746 11.413289446956123 9.096232241977994 10.356140786992036 13.79154918781788 2.9404176574085525 3.8169512703203323 10.38319892903916 6.597857303700953 12.110939517642716 11.725185755458204 4.415251974689553 2.0564953197126417 9.737770843473367 7.685986468892591 18.80079756286951 12.611313333669893 4.091039232273384 0.8326205618407474 19.146390678140882 7.721533137920214 11.432649474203256 8.65997627017534 4.797287254271939 11.163058093551246 7.940121724507754 0.4431173659427037 7.470768635153949 5.337914386724463 6.771041943453016 12.828141564544726 14.893434963096993 13.993705906585289 5.493367637433344 16.51227961245812 15.293273881023644 7.6994132893357525 13.950599270282263 13.337410580768667 9.094342911942565 12.918718357484229 15.673382787388306 2.964055498805648 8.850166326120656 9.890324261620545 18.932165750383657 9.456853599374371 15.653023765394341 12.15131112267314 17.053377026266674 8.487694445489893 8.487694445489893 8.487694445489893 8.487694445489893 8.487694445489893 8.487694445489893 8.487694445489893 8.487694445489893 8.487694445489893 8.487694445489893 8.487694445489893 8.487694445489893 8.487694445489893 6.916715766893995 12.658631719107717
7 3.739357832569651 7.251316156395334 7.181222737111001 3.8928453604015663 6.544986249030628 8.98600673269278 0.0 8.021722632951104 5.435589388465615 8.19801195412644 6.395350889513412 11.509926541902862 8.923731058251365 1.612100493145511 2.736326917603231 10.026990026922338 9.516859250824297 10.85439104694501 8.552991640356021 2.833256783279624 9.333725194154797 5.008131487890468 7.410765749907361 5.45579655045897 12.495330327766448 6.301316211713233 8.92912901687505 6.4878286814619255 5.710785760296039 9.880078795232354 9.27129575625759 10.201677166035005 10.946659855864711 6.650761234625702 9.34761285034848 11.034100099237818 9.201507756884194 11.114554467004064 4.015947335312056 7.596026329601551 6.766207357153637 9.788330245756933 9.618500558818926 9.477888583434604 9.992528909140068 6.526045433491862 11.633970990164967 8.360452679131676 8.388552497302499 6.4637936229431086 7.278619992828311 4.442961287249755 1.15285558505825 7.388793473903571 7.760157988082459 7.460159850834297 11.437014470568794 1.839315361758282 9.628808856758972 5.288782941282427 3.6796502551193635 5.101374422643373 10.335904991823405 6.2034514586639595 8.666104372784808 10.291079632380656 5.654016006344516 10.815635395112023 9.583381136112662 14.266331168173547 2.231032272290116 4.411004080705435 12.996152199785904 11.91495102801518 8.725942986290937 9.465365180488284 8.708525592774015 10.758453652825763 5.453778965084669 2.2470963486241526 5.874962212644435 12.584108152745669 8.865591914813134 7.05568458762153 9.982800058099931 7.065343940672669 10.12912325919672 7.940319452011991 4.379235093027092 0.13221951444472935 7.6135146286061595 7.114927757890448 6.079650647857983 5.6920791456198145 5.975045188113642 13.932238764821683 4.8306758326346015 9.40944419187446 3.427057775993862 8.164054446168276 2.093529077896937 2.093529077896937 2.093529077896937 2.093529077896937 2.093529077896937 2.093529077896937 2.093529077896937 2.093529077896937 2.093529077896937 2.093529077896937 2.093529077896937 2.093529077896937 2.093529077896937 4.359686227241589 7.332043644169067
8 5.153703231657794 5.363256473449689 2.5764397916504858 5.66312749282585 12.564890807324987 16.97915324743846 8.021722632951104 0.0 11.889119816033482 7.033962325744999 8.600470277839463 8.303651305299374 15.715195512624078 9.57815065657249 7.0516299534221165 3.9163060401352703 17.53854919883626 16.66768505222006 9.049609052329279 6.91420638974568 16.282592545414875 5.0319043114908295 9.9578783382807 3.745067422624057 19.624127649401384 6.987859758180612 9.670521030430573 10.425156353743573 9.50465191366838 2.981525951589219 16.34649335484525 8.462872857369417 18.9067557238147 14.505729936821519 17.174055316086534 12.873653133434969 17.08599183541886 3.902410152713321 6.4754524938416465 6.31888233788223 9.677805536380651 16.751198792922256 2.8889840774916022 13.190548510202296 12.899319206841886 11.748105421726518 10.030741198934404 0.5047900553695571 15.260917698487205 13.76716361492083 6.096405580339943 7.072692344503611 7.933859716430584 12.541025197327372 9.716349211509435 15.410638954955761 19.072024381276364 6.65951687436859 16.13830406207542 8.226764673916472 6.691106037121217 12.839595203899536 18.184275679828435 10.640430818345656 15.423402510470897 5.532223603579306 8.036940773702392 18.28857055649785 17.59882461984322 13.029849461908608 9.451072584632922 8.020628217290714 19.289028228503373 19.374944748308316 12.37876346813364 15.34348865154206 16.717844478281283 17.061923133105484 12.69817014376481 10.267996493961224 8.05050836904105 14.653155974055554 9.724159706627612 14.530337263807747 8.141865695281394 5.513416091680367 16.222626297859417 8.27887607106182 3.9390559782770285 7.905850491882577 10.544126374432356 4.423807975036891 14.035740450720795 10.847764424064525 11.291972414064782 12.646671696537393 9.58242208421232 8.372312105983626 5.478756154456958 2.653122876913167 8.75721108572815 8.75721108572815 8.75721108572815 8.75721108572815 8.75721108572815 8.75721108572815 8.75721108572815 8.75721108572815 8.75721108572815 8.75721108572815 8.75721108572815 8.75721108572815 8.75721108572815 11.638588660142602 9.051008010161079
9 8.935979688875753 8.455183617166453 10.033383078503482 6.252406656640305 1.1888031796727323 6.927677027691172 5.435589388465615 11.889119816033482 0.0 13.617753412365785 11.727427381996447 11.55195849196144 3.829487694196183 5.21402454923258 8.169852201845515 12.310188666304024 8.009376629925702 13.957838407146 7.203448202076558 8.268828212026175 4.396217692517057 7.1228172095035545 12.589507416892847 8.29258198632971 7.742169205074248 11.736896778961635 7.1917870519085865 11.400352669983503 3.557017008674544 12.657511169262305 4.48452149063866 9.710359056183247 8.321703791892618 4.256469076593885 9.454675562915948 7.670773429061765 6.362870500018054 15.559244229717587 5.526031577904709 8.144884038462425 4.5171063746606634 4.863847962261978 14.164946346527403 5.134659092870724 6.120441323956958 10.84024709127979 10.559816333630051 12.056896159459946 10.7720362513315 2.3532930119303033 7.9881710672719075 5.12371203328212 4.634921790062913 11.565960617259599 13.021338948049852 7.407035101847432 7.550341184343923 5.59618450374896 4.345418737014881 10.618861756327746 9.114795115634799 2.969845282165386 7.194275780090724 2.8158114283453 11.143157766091262 15.395418019657667 11.023721377103106 6.608505504272506 7.7515579079305095 12.316278861734173 3.2051272985639745 9.73965363860543 7.669087299020659 7.646022364602395 4.662036572143123 4.030301477557231 6.920980421876657 5.405524303895044 1.624423897878876 4.683428018022696 11.250817081439019 8.727570223149167 7.067702314048039 8.759547305654557 9.648650112839618 12.399245339939041 4.713404077734053 7.076156654568919 9.155641976399034 5.447340084848751 12.6793790463098 12.28734100609241 4.525707016588679 1.922493433018693 10.360126109271064 12.079810801498507 2.7128872073862564 8.766502153082493 8.679612721775092 12.882396089237435 3.527575938232939 3.527575938232939 3.527575938232939 3.527575938232939 3.527575938232939 3.527575938232939 3.527575938232939 3.527575938232939 3.527575938232939 3.527575938232939 3.527575938232939 3.527575938232939 3.527575938232939 7.474476035147882 5.746285060802327
10 4.895479649635978 11.143189579290123 8.844293075198266 9.195487208408265 14.690365039712253 15.894096042241596 8.19801195412644 7.033962325744999 13.617753412365785 0.0 3.1819146751602245 14.983667808650857 17.08624265308204 8.92979395059035 5.505276105700784 10.940638235496136 15.95875715712223 11.39373937739494 14.320376042548602 5.387598351770481 17.454788282875274 9.490924981264998 3.9657479748466113 8.608018819682028 20.486181293740422 2.0182789698156194 14.890472289353351 5.256517192971026 12.983412879516695 10.003070778515966 17.354073210632713 14.660564143306354 17.89815213925728 14.20649953366416 14.505702395954495 17.78743334492079 16.509341749445976 6.710163410826892 9.9990338033232 12.018227822769878 13.71738962047809 17.897034307392943 5.6165566853722755 17.031272530260328 17.21814165350024 7.055458666876307 16.299671315704497 7.519508295094833 11.255511050147833 14.53930521035995 11.699169927819664 10.734140906472208 9.022341381260189 7.528326839344849 3.4254979200110456 13.399477788331902 19.06234035998728 8.369791693943167 17.81904823496474 3.8244870244256286 4.5388009429804255 12.954628246306415 17.663701197653907 13.833174979013314 11.254989338066919 3.7034049198001564 3.328768691273096 18.62805961446334 16.234123628948993 19.32109419779325 10.423274581435528 4.462555433829365 21.186665334591943 19.703473450130563 16.211269814545684 17.637970234695374 15.507389012983458 18.955042205175907 13.585720334233294 9.713770946445052 3.1339382572092895 19.533673745611704 14.891367969397573 11.500388210838798 14.348420296325306 1.6565267881926926 18.323471996322095 13.52544198908117 5.378702073920809 8.175980063576477 4.57569940009175 2.6332992613829522 13.42698715274577 13.562334349218796 6.861488541125752 18.939474359126233 12.449202102946197 14.273995936667491 5.060591368605057 4.584860848488207 10.135241092347039 10.135241092347039 10.135241092347039 10.135241092347039 10.135241092347039 10.135241092347039 10.135241092347039 10.135241092347039 10.135241092347039 10.135241092347039 10.135241092347039 10.135241092347039 10.135241092347039 9.065269549219153 13.684557427991598
11 4.391255173637715 11.387925403689646 9.675581894645925 8.682005759039786 12.879513810699532 13.005317374058967 6.395350889513412 8.600470277839463 11.727427381996447 3.1819146751602245 0.0 15.602862365604588 14.868726677156992 6.628471694138853 3.7705333840187647 12.251308664791692 12.966582780362758 8.453947362031538 13.992540619916028 3.7307062334094327 15.155001319696412 9.33674300813726 1.3987780381461534 8.832721720964608 17.997408952402008 1.6994390250903382 14.495331662297348 2.12668474391481 11.886528046490278 11.51347471443786 15.003460467505487 14.8880691159062 14.983904197504733 11.57892153872717 11.371980698189741 17.065276206378844 13.725481776608062 9.41370851471406 9.319949892569166 12.12479084355685 12.81207996384662 15.572442647189298 8.093539769470464 15.81201647482066 16.21727242787763 3.889571955884092 16.500696288338865 9.104047671228441 8.077090812910301 12.236998202173604 11.784366762792137 9.995164430863555 7.446860076569185 4.431713438389265 1.4397975552139275 10.380866245164707 16.36088240285346 7.2297432872820595 15.681182002642531 1.1100774747737205 3.04692385858262 10.525419611587937 14.864889673320821 12.532542000727545 8.085125354624997 6.781364538203208 0.7944004028196363 16.032673950405155 13.278401598084011 19.431999691230956 8.560337026075551 1.9911710122438 19.017567483776677 17.078730192845136 15.033175645884004 15.735292847608525 12.600242100848698 16.851686443795472 11.38232955066756 7.339651013501936 0.6366474691695553 18.721497189060496 14.467051703785398 8.363900047226771 14.599967465717176 3.540435283972862 16.31933898783894 13.244927330868977 5.4918154557486725 6.421473740505368 1.9492449820379172 4.554492287840655 10.745445779491886 12.07812982212064 3.679574160144079 19.063263624049267 11.135724493718405 14.32354833831338 4.32054371578393 6.730795198191667 8.484950500739531 8.484950500739531 8.484950500739531 8.484950500739531 8.484950500739531 8.484950500739531 8.484950500739531 8.484950500739531 8.484950500739531 8.484950500739531 8.484950500739531 8.484950500739531 8.484950500739531 6.094127090896611 13.070974906256993
12 11.24274575003811 4.346198913993698 6.13939060493792 7.644981229538762 11.423480467878429 18.390665295197994 11.509926541902862 8.303651305299374 11.55195849196144 14.983667808650857 15.602862365604588 0.0 14.542900157808965 12.935715867318669 12.540125996177231 4.803142512980434 19.37447890912166 22.270343508801115 4.5305682866501416 12.477164140941643 15.218615081537477 6.612483345914755 16.991629292095563 6.790294912594002 18.269509051969624 14.316609549750249 4.819523005443588 16.867667592171717 7.995006754218536 5.949312733417196 15.47234048229291 1.9383993396614636 19.873380110086963 15.650080702667317 20.20395508310192 7.208673248247558 17.91269639110762 11.428391400367769 7.540919042132728 3.9211795419235775 7.129498229188362 15.609485449559187 10.990541569913649 9.27023435518218 8.281217362199834 17.590987919954923 2.3753197679470435 7.9306707156456815 19.89174788700078 13.904882919320102 4.231995510394594 7.318292287139124 10.59048181151358 18.473644415761605 16.963611555326302 18.125093599758316 18.863297405278853 9.695075554115089 14.460232812786936 14.83283796176578 12.79450370276237 14.049849821261436 18.72944091530764 8.878344046048227 20.174869764139743 13.81293860842073 14.862430554926068 17.809513974277905 19.192169054069943 4.947363136055409 11.25151314268441 14.248163109678384 16.681567222536376 18.71145929637771 8.77342350510905 13.053224467540579 18.319166165521835 14.890505229843612 13.072203333791897 13.20888628916155 14.971092478506703 8.60674183416698 4.954680312593335 18.413093873654148 1.9208206579480547 13.341492869990224 13.969174241879866 4.483136625176618 10.11589526438466 11.38397105583109 17.47257926008636 12.376930233300985 15.651475489550497 9.677707269803111 17.04503787030114 4.5836372020481715 8.934110923869257 2.8437448901052984 11.379571345178165 10.942869184998969 10.535232365733561 10.535232365733561 10.535232365733561 10.535232365733561 10.535232365733561 10.535232365733561 10.535232365733561 10.535232365733561 10.535232365733561 10.535232365733561 10.535232365733561 10.535232365733561 10.535232365733561 15.860615404201692 5.867122037251312
13 12.588450460640498 12.00470216206966 13.80046752831222 10.067025628257833 3.2928730616287054 5.7343181809174135 8.923731058251365 15.715195512624078 3.829487694196183 17.08624265308204 14.868726677156992 14.542900157808965 0.0 8.251008423217128 11.581077540539999 15.938871007696875 6.962770282007011 15.276396335523637 10.017115453063322 11.699326476340422 0.6761316439865834 10.889868548334274 15.530534601229927 12.091124844281444 3.953264979735105 15.13170188709783 9.81031747702387 14.154350038062503 6.850511951671933 16.3688723191306 0.9848680114614342 12.616875405582794 6.224084350328167 4.2140727331169785 9.314861351625156 9.043963566932366 4.6209922094719005 19.38504126897851 9.31172986077238 11.552673803063946 7.461821895489064 1.0911942998384843 17.982580042919317 6.091418553998732 7.338520968151552 13.214095693614452 13.116192168461088 15.875054929038827 11.940109086603858 2.6550306966210395 11.451566050108605 8.845726256221136 8.30729823709249 13.792507712522767 16.041566631722727 7.676386194036878 4.42235638545787 9.371009817517 0.9560962294664698 13.786426404257195 12.5474839709003 4.454247972441588 4.874041033885537 5.771804743752165 12.322567792469231 19.114230091740552 14.235802225375288 3.3189710754991526 6.49973799471948 14.207771570517313 6.757770120387345 12.932497245311904 4.150262160394208 4.168685404297139 6.151706186091792 2.235050335003666 5.973716598567427 2.099412536877876 3.5061353368060395 7.529903717843941 14.467729227491093 9.40719777617118 9.674419052325572 9.842970537393679 12.62624096871274 15.987292860268747 2.0081777809745827 10.122983404115606 12.917404847723864 8.964234825125903 15.50829755324549 15.969748307346613 5.042019436693992 5.157060887753799 12.819270377053446 14.054505505353076 6.3128045273079705 11.699281687351581 12.305775107647628 16.67844743973491 7.240961262152974 7.240961262152974 7.240961262152974 7.240961262152974 7.240961262152974 7.240961262152974 7.240961262152974 7.240961262152974 7.240961262152974 7.240961262152974 7.240961262152974 7.240961262152974 7.240961262152974 9.644040646948767 8.70950744875966
14 4.982137392726138 8.746840458131153 8.792576186761192 5.40508436566905 6.397598377516362 7.5309537908554445 1.612100493145511 9.57815065657249 5.21402454923258 8.92979395059035 6.628471694138853 12.935715867318669 8.251008423217128 0.0 3.489525612457946 11.633625617149626 7.982513513925298 9.678148841591558 9.676801641038221 3.629360825269375 8.56721530020111 6.542281941341263 7.395268014074948 7.057909038801789 11.556773425139042 6.935526656282132 9.986734250995166 6.189226526796382 6.458672464214299 11.491712883639236 8.443577736954873 11.526966339848485 9.522367877791742 5.3883352716771435 7.73566403096722 11.761469678573336 7.864388151661895 12.523769600244169 5.394945875539439 9.014953133544289 7.595414537732618 8.998320343264071 11.015027961834686 9.860793071553626 10.544918871190996 5.78634504674583 12.887357564683306 9.932804488159425 6.984769215944074 5.642286061517972 8.710757085351421 5.699370930199226 2.3452863364629914 6.587253221184079 7.85625916069474 5.857623835652132 10.25022965596381 3.3935593408691114 9.053218875074213 5.538330885745271 4.441137016575823 4.026587264669673 9.016635736237768 6.688922334726275 7.288385898125867 11.418043440099535 5.984805176444761 9.733370690567579 8.082888716294441 15.390065919287025 2.3284589324271963 4.68149260386044 12.395673116051421 10.820951991391514 9.179304603291035 9.15551778983581 7.226043592450851 10.223221850277925 4.755382739590999 0.8018590898655449 6.2167220462233965 13.192302679972135 9.908063181066217 5.5096802992551215 11.32865150845413 8.019630228383352 9.70305941443213 9.135018171848373 5.819840547643896 1.741634289970199 7.466760006857058 8.247153751446616 4.712309412591664 6.004268564946108 5.268468942681546 15.071885913846348 5.437205992051432 10.691421046801965 4.637298027946877 9.524337089792654 2.704619011986716 2.704619011986716 2.704619011986716 2.704619011986716 2.704619011986716 2.704619011986716 2.704619011986716 2.704619011986716 2.704619011986716 2.704619011986716 2.704619011986716 2.704619011986716 2.704619011986716 2.983113138987524 8.350506810966625
15 1.908655023832227 8.203037547152885 7.144000629899189 5.144570924771084 9.280756973437027 10.851725116312153 2.736326917603231 7.0516299534221165 8.169852201845515 5.505276105700784 3.7705333840187647 12.540125996177231 11.581077540539999 3.489525612457946 0.0 9.9900551550029 11.14067165838757 9.942455229972122 10.395022510798137 0.1545477272560163 11.95257399056789 5.985621438079758 4.9416412253420425 5.822531837611538 15.020472595760761 3.5710492855741998 10.86417093017226 4.392985545161741 8.11739471751867 9.535901949999275 11.858796566262532 11.568188449364058 12.864588644803222 8.865806336707339 10.313361673091855 13.32520356317306 11.296364902038178 9.39259719140558 5.6752039610925 8.809888364786469 9.058646974024322 12.397063684598866 7.882950970290251 12.047821089309055 12.448057398646585 5.094393781403239 13.13121502375161 7.494734284816241 8.221721595870296 9.041970858170247 8.468651486511888 6.310849229699597 3.706508464849366 5.967532320817375 5.1893784791629916 8.751724972826787 13.733205925784409 3.4869072256083906 12.320278608862708 2.7015436328143947 0.9675045219532563 7.503601268724239 12.453767341652084 8.770630821098333 8.400181545657214 7.965316628985944 2.9936188802183885 13.221856601854372 11.31962176929954 15.971925932710807 4.964764244150975 1.8839278117804832 15.68702473383656 14.310280814854753 11.265119617651646 12.200114794541895 10.5084870937733 13.462982210491107 8.080724967476618 4.28980757144187 3.2019322291391488 14.964079958353604 10.825372279972639 7.532569415544738 11.302734890282085 4.530585834083712 12.853375315457026 9.68082651430135 3.128113329149058 2.735653669600741 5.262521258864424 4.821728528235491 8.152076606607668 8.347322564750927 4.5651571714454695 15.61398149095867 7.371590466107027 10.908786596134329 1.5733848861610435 6.354286899408933 4.780549445408969 4.780549445408969 4.780549445408969 4.780549445408969 4.780549445408969 4.780549445408969 4.780549445408969 4.780549445408969 4.780549445408969 4.780549445408969 4.780549445408969 4.780549445408969 4.780549445408969 4.657644576392664 9.381559198768615
16 8.265850349480083 3.96419487412009 2.8838330395499665 6.470353622484633 12.646493585180044 18.438955827269613 10.026990026922338 3.9163060401352703 12.310188666304024 10.940638235496136 12.251308664791692 4.803142512980434 15.938871007696875 11.633625617149626 9.9900551550029 0.0 19.204365154828732 19.912867849709645 7.162684203565029 9.880768846602981 16.578060833523324 5.36830792708466 13.640359526053556 4.579828490238472 19.88199368775677 10.72711074800666 7.73243480412218 13.898364795903149 9.130915890533654 1.150182594199721 16.73288098326167 5.598867921285517 20.213768698587604 15.762022332175526 19.360540410845974 10.846112298883874 18.282483912204054 6.631360644694269 6.93550243313345 4.620097942684765 8.818716743381659 17.026595020731538 6.306086742188059 11.998443940778321 11.362965854036524 15.00971611990047 6.921361860212194 3.451376536977673 18.093902840459823 14.521141449624407 4.611135218143142 7.201356816600605 9.5011315641875 15.853737729633352 13.466287424527964 17.41380475370044 19.846858920242266 8.274190232282553 16.140865559194776 11.71631085282394 9.904711050808094 14.053319678993999 19.282098044559362 10.271826565903456 18.309706496828397 9.204932210505408 11.609529361692488 18.918516062313135 19.15710899379131 9.738461890873735 10.727730514885243 11.344591751138513 18.950141556199522 19.94754092613924 11.282151656488224 15.026762958135727 18.25643078479471 16.864948858505326 13.50870482318716 12.1643634029899 11.66021423473857 12.51825726688823 7.830307337518752 17.026858430139132 5.311113819153191 9.387066101823295 15.957792735839126 6.569948553832063 6.986266885826794 9.895753887400394 14.198074517342132 8.316764996078703 15.491986218687389 10.785193183248968 14.506820809536459 9.368299312041648 9.646 5.893860958658594 8.518142637922894 6.528776914552985 9.957061464106767 9.957061464106767 9.957061464106767 9.957061464106767 9.957061464106767 9.957061464106767 9.957061464106767 9.957061464106767 9.957061464106767 9.957061464106767 9.957061464106767 9.957061464106767 9.957061464106767 14.19799538667343 7.791217684033736
17 12.877615656634578 15.751133673485219 16.4910754652327 12.73510993278032 8.584339520312556 1.2296832925595116 9.516859250824297 17.53854919883626 8.009376629925702 15.95875715712223 12.966582780362758 19.37447890912166 6.962770282007011 7.982513513925298 11.14067165838757 19.204365154828732 0.0 9.708103264798947 15.174684313026086 11.294705750925962 6.580120971532362 13.853971740984605 12.992580382664562 14.680379082298932 7.205721199158346 13.978729699082102 15.195312599614395 11.38077084384006 11.465637182468319 19.2348603582142 6.185423914332793 17.60952313380462 2.2240161869914523 3.7595655334094125 2.7979256601989984 15.404386550590061 2.420108468643503 20.462892879551514 12.355726647996063 15.687853709159837 12.505387798864934 6.629799770732145 18.94969986569708 12.553462709547512 13.731554901029963 9.789116660863735 18.55249872658667 17.873418279668833 6.636038351305695 5.803743102515824 15.460903110750031 12.288705261336526 9.75826634192775 9.958382448972323 13.63881263160397 2.59559723377877 4.658223910462012 11.035228361932525 7.82056583630622 12.140856518384524 11.965573617675 5.3278030181304565 2.897629720996111 10.825178982354057 6.960109553735487 19.019678914219345 12.640563476364493 5.122009468948686 0.5531148162904334 20.28379345684628 8.482944123357173 11.524707588481368 9.77213559054519 5.6886504550728025 12.338349038668017 9.169796071887314 1.0937641427657065 8.672641177865023 6.395691440337003 7.270814259764858 12.848379547631676 16.104048931868036 15.072824884539727 5.000647258105695 17.513891429376855 15.480303517696285 8.922498753152057 14.965467216228166 13.796819995926597 9.633432825322446 12.6959570336387 15.940049968554051 3.7540679269294 9.927371303623131 9.657756727108008 20.061870825025267 10.457103662104531 16.6705983695847 12.523613895357842 17.438237095532333 9.255403286729326 9.255403286729326 9.255403286729326 9.255403286729326 9.255403286729326 9.255403286729326 9.255403286729326 9.255403286729326 9.255403286729326 9.255403286729326 9.255403286729326 9.255403286729326 9.255403286729326 6.895686332773556 13.703083229696883
18 11.661840163541944 17.93736036879451 17.084092981484265 14.634415396591693 15.065289973976604 10.537311326899285 10.85439104694501 16.66768505222006 13.957838407146 11.39373937739494 8.453947362031538 22.270343508801115 15.276396335523637 9.678148841591558 9.942455229972122 19.912867849709645 9.708103264798947 0.0 19.34291841992826 10.042961963484677 15.189277040070076 15.662392665234773 7.4281665301741855 15.717511412434222 16.76172082454543 10.139826083321152 19.664270594151212 6.369625577692931 16.083611565814437 19.38387045974049 14.862314759148388 21.04912292709604 11.879818559220507 11.062810221638985 6.961826556299719 21.29670645898093 11.751384088693552 17.867654854512946 14.865089438008773 18.394707200714013 17.23850147199576 15.429286049587647 16.532839199605128 19.063024550159923 19.932334860723167 4.924864262088854 22.487020434019264 17.152995831632445 3.33693302300181 12.934163328178595 18.06623087420284 15.286445302947314 11.91056325284409 4.133093998447168 7.991715773224171 7.7667724313256405 14.325844652236041 12.606893749056505 16.2324849915224 8.50236966968621 10.035406170155746 11.262461542664642 12.54786232790271 16.14013720511694 2.955352094082869 15.0968779885114 8.790255172632932 14.602332553397076 10.240920905856074 25.061616268708608 11.8954453468544 8.64965756547622 18.959537784450337 15.329090025177619 18.496786531719504 17.080876353395926 10.11412858332343 17.33490819127693 12.691828079516362 9.738537929278706 8.846477378030196 22.58827538790866 19.586160751918687 5.434303083192913 20.822667072207633 11.993451546573237 17.233057795991982 18.77124146134187 12.946125482166469 10.971180838906994 6.8202171519681105 12.979472793607606 10.248066402985492 15.335549876023356 5.409152613857368 24.73896461050866 15.019530019278232 20.263832830933048 11.396624938989612 15.124947933794681 12.376764237877362 12.376764237877362 12.376764237877362 12.376764237877362 12.376764237877362 12.376764237877362 12.376764237877362 12.376764237877362 12.376764237877362 12.376764237877362 12.376764237877362 12.376764237877362 12.376764237877362 6.733223076655043 18.028652001744334
